sp_id,serialno,stcotrbg,hh_race,hh_income,hh_size,hh_age,latitude,longitude
01077010100-1,1322206,01077010100,1,500,1,22,34.7859072435596,-87.671216831511
01077010100-4,126976,01077010100,1,2700,1,24,34.7834180264722,-87.6716184937571
01077010100-5,395268,01077010100,1,4300,1,24,34.7831354007209,-87.6708801007211
01077010100-6,1132691,01077010100,1,4000,1,23,34.8079515272939,-87.683405966659
01077010100-7,1125925,01077010100,1,6000,1,24,34.8080243383435,-87.6816913928999
01077010100-8,1190366,01077010100,1,1500,1,20,34.8080331436798,-87.6815214069139
01077010100-9,1436778,01077010100,1,2000,1,21,34.8099060693206,-87.6650065493843
01077010100-10,1185454,01077010100,1,6800,1,18,34.809721114154,-87.6646583400774
01077010100-11,1337099,01077010100,1,0,1,21,34.8098948425118,-87.6647124048504
01077010100-12,793906,01077010100,1,0,1,22,34.8082531899717,-87.664193187749
01077010100-13,204495,01077010100,1,1000,1,22,34.807191330946,-87.6642938159119
01077010100-14,1240011,01077010100,1,0,1,21,34.8139421653277,-87.664733415977
01077010100-15,1369919,01077010100,1,8200,1,19,34.8093890071604,-87.6627565668002
01077010100-16,189786,01077010100,1,1200,1,24,34.8095816229119,-87.6626912381103
01077010100-17,1067716,01077010100,1,0,1,24,34.8065797240305,-87.6640894912012
01077010100-18,655372,01077010100,1,8300,1,23,34.8065679029045,-87.6600664951585
01077010100-19,649360,01077010100,1,0,1,23,34.8080666889304,-87.6624026120154
01077010100-20,343541,01077010100,1,0,1,24,34.808163228938,-87.6632776382409
01077010100-21,793906,01077010100,1,0,1,22,34.8077023714157,-87.6634793876807
01077010100-22,126976,01077010100,1,2700,1,24,34.8085476500662,-87.6636932460411
01077010100-23,1061885,01077010100,1,0,1,23,34.8068392609043,-87.662684049898
01077010100-24,1173319,01077010100,1,3000,1,20,34.8082495037272,-87.662526850871
01077010100-25,1023798,01077010100,1,0,1,21,34.8078647074481,-87.6622883354991
01077010100-26,189786,01077010100,1,1200,1,24,34.8072934856034,-87.6606626844809
01077010100-27,126976,01077010100,1,2700,1,24,34.8077021507375,-87.6615189029449
01077010100-28,1240011,01077010100,1,0,1,21,34.8063518559139,-87.6604228822611
01077010100-29,1175896,01077010100,1,8800,1,20,34.8067342738963,-87.6633965926794
01077010100-30,204495,01077010100,1,1000,1,22,34.8070617377558,-87.663546075529
01077010100-31,742272,01077010100,1,0,1,25,34.8060907801069,-87.6780317808487
01077010100-32,794140,01077010100,1,2800,1,25,34.8070328907601,-87.6598042121352
01077010100-33,1271409,01077010100,1,0,1,34,34.8076936046925,-87.660577367853
01077010100-34,252109,01077010100,1,4800,1,31,34.8071473456588,-87.6600823469533
01077010100-35,731009,01077010100,1,8000,1,33,34.8068879696421,-87.6626495903991
01077010100-36,993559,01077010100,1,0,1,26,34.8078262990895,-87.6616378956948
01077010100-37,379458,01077010100,1,0,1,25,34.807982832081,-87.6615110465446
01077010100-38,1072252,01077010100,1,0,1,28,34.8085530882531,-87.661065840011
01077010100-39,1038364,01077010100,1,8000,1,28,34.8094444335806,-87.6623760680244
01077010100-40,1306079,01077010100,1,1200,1,41,34.8082168301972,-87.6630303426222
01077010100-41,1155414,01077010100,1,0,1,42,34.8089726782343,-87.6625667044179
01077010100-42,239451,01077010100,1,9600,1,48,34.809352355404,-87.6783802060619
01077010100-43,847287,01077010100,1,2200,1,52,34.8095200748889,-87.6786220567928
01077010100-44,1266413,01077010100,1,9600,1,52,34.8092528471659,-87.680902699316
01077010100-45,521140,01077010100,1,7700,1,49,34.8094708092575,-87.6806519652708
01077010100-46,476815,01077010100,1,-1500,1,54,34.8087732043431,-87.6812879607594
01077010100-47,973450,01077010100,1,8500,1,52,34.8086860774422,-87.6825595159759
01077010100-48,749548,01077010100,1,9200,1,47,34.8109943123048,-87.684777850065
01077010100-49,1406727,01077010100,1,7800,1,50,34.807882462577,-87.6854023491227
01077010100-50,729823,01077010100,1,0,1,49,34.8095506484246,-87.6867016315332
01077010100-51,646905,01077010100,1,8100,1,47,34.8094942047567,-87.6860048309858
01077010100-52,1300742,01077010100,1,0,1,48,34.8108466903528,-87.6859877352225
01077010100-53,1413714,01077010100,1,8700,1,59,34.8115653522445,-87.6848135789127
01077010100-54,609513,01077010100,1,9200,1,56,34.81036756299,-87.6869051784823
01077010100-55,736351,01077010100,1,1700,1,60,34.8091159229108,-87.6824911889414
01077010100-56,1390644,01077010100,1,8400,1,62,34.8091809056264,-87.6615116570982
01077010100-57,302195,01077010100,1,100,1,63,34.8093519806445,-87.6630901951612
01077010100-58,916497,01077010100,1,3600,1,61,34.8092399251553,-87.6819988498961
01077010100-59,545722,01077010100,1,9700,1,61,34.809456370316,-87.6784301825935
01077010100-60,805438,01077010100,1,2400,1,60,34.80881727498,-87.6785642956569
01077010100-61,850761,01077010100,1,6100,1,63,34.8091859307667,-87.6822352131501
01077010100-62,1270664,01077010100,1,7800,1,64,34.8091894807867,-87.6610587463796
01077010100-63,137172,01077010100,1,0,1,64,34.8093618013131,-87.6817635469208
01077010100-64,716937,01077010100,1,9400,1,69,34.8093583303236,-87.6625053204885
01077010100-65,1045260,01077010100,1,9100,1,67,34.810184853765,-87.6619610887987
01077010100-66,503650,01077010100,1,0,1,67,34.8100604769877,-87.6622806681585
01077010100-67,235644,01077010100,1,9500,1,68,34.8105989448751,-87.6619857334254
01077010100-68,541473,01077010100,1,8400,1,65,34.8101971803603,-87.6634108595947
01077010100-69,62373,01077010100,1,8100,1,70,34.8102062079964,-87.6830257307572
01077010100-70,652043,01077010100,1,0,1,82,34.8092352544116,-87.6823604591936
01077010100-71,944,01077010100,1,1600,1,88,34.8078514900538,-87.6822850760423
01077010100-72,271770,01077010100,1,340,1,86,34.8086040531868,-87.6831040220965
01077010100-73,374090,01077010100,1,8800,1,87,34.8091093358346,-87.6835236281665
01077010100-74,62692,01077010100,2,0,1,22,34.8087739138326,-87.6827513929039
01077010100-75,1404018,01077010100,2,0,1,22,34.8098934020694,-87.6822159090401
01077010100-76,1274338,01077010100,2,8500,1,51,34.8105762559877,-87.6628074266017
01077010100-77,858565,01077010100,2,2000,1,24,34.810250287945,-87.6637301721228
01077010100-78,141485,01077010100,2,2000,1,23,34.8096852124762,-87.6643129810748
01077010100-79,1404018,01077010100,2,0,1,22,34.8104557563513,-87.6827607189851
01077010100-80,333400,01077010100,2,0,1,23,34.8111892782903,-87.6652130005129
01077010100-81,494896,01077010100,2,80,1,21,34.8110883715665,-87.6638098288814
01077010100-82,1039194,01077010100,2,7500,1,22,34.8109353399755,-87.6633563043372
01077010100-83,494896,01077010100,2,80,1,21,34.8113548538329,-87.6629375244955
01077010100-84,1013789,01077010100,2,6300,1,24,34.8113636264713,-87.6636584778837
01077010100-85,858565,01077010100,2,2000,1,24,34.8113400612865,-87.6635203023832
01077010100-86,1378057,01077010100,2,2400,1,20,34.81142550947,-87.6648533288606
01077010100-87,928022,01077010100,2,7500,1,24,34.8118742733411,-87.6644011918465
01077010100-88,1197989,01077010100,2,500,1,21,34.8121767278676,-87.6633468490523
01077010100-89,867190,01077010100,2,5000,1,25,34.8120102897237,-87.6640634633548
01077010100-90,646897,01077010100,2,0,1,34,34.8128055458635,-87.6643859116354
01077010100-91,1391899,01077010100,2,0,1,32,34.8130157011515,-87.6633349069459
01077010100-92,1392659,01077010100,2,0,1,34,34.8104047020937,-87.6826146816
01077010100-93,1292520,01077010100,2,0,1,32,34.8071714509606,-87.6772986682122
01077010100-94,940222,01077010100,2,0,1,26,34.8076062417112,-87.677360962588
01077010100-95,646897,01077010100,2,0,1,34,34.8088869357248,-87.6779222898737
01077010100-96,1292520,01077010100,2,0,1,32,34.8136240154518,-87.6637890946856
01077010100-97,1076033,01077010100,2,0,1,29,34.812800326568,-87.6638584235028
01077010100-98,643535,01077010100,2,4300,1,42,34.8119096106618,-87.6624981103784
01077010100-99,856745,01077010100,2,2770,1,53,34.8124166091771,-87.6629288100734
01077010100-100,74803,01077010100,2,9600,1,51,34.8112958865373,-87.6623179531727
01077010100-101,1116327,01077010100,2,0,1,47,34.8100575945084,-87.661166538298
01077010100-102,206743,01077010100,2,8500,1,53,34.8093733686372,-87.6605202605905
01077010100-103,1111484,01077010100,2,8000,1,50,34.7865505929482,-87.6701970642463
01077010100-104,821036,01077010100,2,0,1,52,34.7869749945929,-87.6702811231155
01077010100-105,1364276,01077010100,2,0,1,52,34.7884275700853,-87.6702909043621
01077010100-106,61917,01077010100,2,8230,1,58,34.7894153361749,-87.6709122006133
01077010100-107,898315,01077010100,2,8500,1,55,34.7885293247905,-87.6701221993749
01077010100-108,634474,01077010100,2,5000,1,61,34.788387255956,-87.6698840221924
01077010100-109,435187,01077010100,2,8100,1,61,34.7889529142779,-87.6708102303841
01077010100-110,554404,01077010100,2,8400,1,62,34.7894331098322,-87.6727901526011
01077010100-111,203963,01077010100,2,0,1,62,34.7886504423456,-87.6731114313502
01077010100-112,1049774,01077010100,2,1410,1,61,34.7882780371584,-87.6730710509107
01077010100-113,173974,01077010100,2,7200,1,72,34.7867779837371,-87.6720160465956
01077010100-114,475481,01077010100,2,1400,1,67,34.7856819000442,-87.6710081192921
01077010100-115,1379473,01077010100,2,8500,1,68,34.7860125523971,-87.6707882177418
01077010100-116,385677,01077010100,2,3100,1,87,34.7883254832501,-87.6720558400547
01077010100-117,650469,01077010100,2,6900,1,93,34.7869000764165,-87.671756792167
01077010100-118,1105056,01077010100,6,970,1,20,34.7892975256444,-87.6720589280024
01077010100-119,1105056,01077010100,6,970,1,20,34.791460658021,-87.6728039332503
01077010100-120,284783,01077010100,6,0,1,22,34.7866798328595,-87.6730276642853
01077010100-121,1105056,01077010100,6,970,1,20,34.785342737998,-87.6722398931186
01077010100-122,284783,01077010100,6,0,1,22,34.79198356691,-87.6745510440614
01077010100-123,284783,01077010100,6,0,1,22,34.7905612275327,-87.6694175602005
01077010100-124,284783,01077010100,6,0,1,22,34.791616413723,-87.6719834423278
01077010100-125,284783,01077010100,6,0,1,22,34.790862901622,-87.6723256676836
01077010100-126,284783,01077010100,6,0,1,22,34.7918845784688,-87.6719085127071
01077010100-127,284783,01077010100,6,0,1,22,34.790294470283,-87.6733657542504
01077010100-128,689985,01077010100,6,0,1,26,34.7911624195069,-87.6725662389743
01077010100-129,689985,01077010100,6,0,1,26,34.7911384456794,-87.6721844141675
01077010100-130,689985,01077010100,6,0,1,26,34.791709025985,-87.6725047468408
01077010100-131,742505,01077010100,6,9600,1,49,34.7918656645839,-87.6726512205772
01077010100-132,464440,01077010100,1,14000,1,22,34.7951917688378,-87.6646557763018
01077010100-133,1432878,01077010100,1,14000,1,22,34.7933700918258,-87.6632296541364
01077010100-134,1056873,01077010100,1,10000,1,21,34.794734807582,-87.6638249121128
01077010100-135,1056873,01077010100,1,10000,1,21,34.7936374483845,-87.6632109134744
01077010100-136,464440,01077010100,1,14000,1,22,34.794947191359,-87.664158918148
01077010100-137,159678,01077010100,1,10000,1,17,34.7927787873776,-87.6673726925539
01077010100-138,71504,01077010100,1,12000,1,22,34.7921566459417,-87.6665571900335
01077010100-139,746700,01077010100,1,14000,1,23,34.7937516425391,-87.6675756574674
01077010100-140,159678,01077010100,1,10000,1,17,34.7935108711198,-87.6679467693742
01077010100-141,159678,01077010100,1,10000,1,17,34.7946334532778,-87.6662418734467
01077010100-142,159678,01077010100,1,10000,1,17,34.7945581567663,-87.6729834706005
01077010100-143,1189344,01077010100,1,14400,1,25,34.79215907642,-87.6730533472757
01077010100-144,538842,01077010100,1,11000,1,34,34.7912298088762,-87.6691240040675
01077010100-145,789648,01077010100,1,12000,1,31,34.7922730281337,-87.6686628718088
01077010100-146,1189344,01077010100,1,14400,1,25,34.7921824081111,-87.6686978491438
01077010100-147,1162002,01077010100,1,14000,1,64,34.7916840428454,-87.668463500446
01077010100-148,1064359,01077010100,1,10500,1,47,34.7922632008458,-87.6744724936738
01077010100-149,1064359,01077010100,1,10500,1,47,34.791643190085,-87.6720758317437
01077010100-150,1085111,01077010100,1,12500,1,53,34.7916364979831,-87.671881673336
01077010100-151,66772,01077010100,1,11400,1,48,34.7927739616461,-87.6738970850672
01077010100-152,1408315,01077010100,1,10000,1,45,34.7932513708604,-87.6726514274759
01077010100-153,1001168,01077010100,1,12100,1,57,34.7926742406341,-87.6740460344629
01077010100-154,163581,01077010100,1,10200,1,63,34.7950146936989,-87.6726471597288
01077010100-155,384290,01077010100,1,14700,1,64,34.7941442961829,-87.6721129216751
01077010100-156,959771,01077010100,1,13800,1,64,34.7940499411841,-87.6720413986369
01077010100-157,59561,01077010100,1,12000,1,60,34.7928545380285,-87.6710840025304
01077010100-158,1259509,01077010100,1,14500,1,61,34.7911883062828,-87.6698999601658
01077010100-159,524130,01077010100,1,12000,1,67,34.7915346539595,-87.6708969579214
01077010100-160,1305843,01077010100,1,14700,1,72,34.7928185001883,-87.6713072649463
01077010100-161,202865,01077010100,1,10800,1,72,34.7938077426496,-87.6704416551432
01077010100-162,1294655,01077010100,1,11700,1,72,34.7929671906075,-87.6709418112978
01077010100-163,453233,01077010100,1,14000,1,72,34.7927904088915,-87.672549440415
01077010100-164,218966,01077010100,1,11200,1,77,34.7947511721516,-87.6727381291238
01077010100-165,120815,01077010100,1,13200,1,87,34.7947785832684,-87.665897865171
01077010100-166,1162783,01077010100,1,13500,1,93,34.7955038221348,-87.6712050112851
01077010100-167,821327,01077010100,1,14000,1,93,34.7950504034982,-87.6723199454017
01077010100-168,538695,01077010100,2,13200,1,23,34.7952560121393,-87.6661846852874
01077010100-169,624872,01077010100,2,13900,1,21,34.7954669609549,-87.6655703611544
01077010100-170,1227425,01077010100,2,10800,1,24,34.7949391669182,-87.6741477002154
01077010100-171,624872,01077010100,2,13900,1,21,34.7941137769208,-87.6734515781446
01077010100-172,973335,01077010100,2,10000,1,27,34.7925998071117,-87.6729513867423
01077010100-173,287913,01077010100,2,12400,1,28,34.7942403332825,-87.6705739217362
01077010100-174,248261,01077010100,2,14400,1,30,34.7946617055081,-87.6702827214553
01077010100-175,1101557,01077010100,2,13600,1,53,34.797036035528,-87.6247901594539
01077010100-176,912807,01077010100,2,0,1,51,34.7982233533754,-87.625350522978
01077010100-177,221158,01077010100,2,10800,1,56,34.798647815623,-87.6252913637193
01077010100-178,1264179,01077010100,2,12000,1,62,34.799938395803,-87.6258570319995
01077010100-179,612586,01077010100,2,13500,1,60,34.8011499171882,-87.6257924199333
01077010100-180,437057,01077010100,2,11100,1,61,34.8016250271201,-87.6261757445681
01077010100-181,645768,01077010100,2,12000,1,67,34.8020308940884,-87.626362841447
01077010100-182,157785,01077010100,2,13500,1,68,34.802094418527,-87.626713550706
01077010100-183,110063,01077010100,2,13420,1,85,34.8041138788193,-87.6267501904132
01077010100-184,917117,01077010100,6,12000,1,25,34.8045072409633,-87.6810805914061
01077010100-185,917117,01077010100,6,12000,1,25,34.8039443967796,-87.6813079008258
01077010100-186,1348225,01077010100,6,10000,1,54,34.8042688618281,-87.6815772581797
01077010100-187,586397,01077010100,1,18200,1,22,34.8049474162725,-87.6827445663946
01077010100-188,984325,01077010100,1,18200,1,23,34.803185102005,-87.6688457296738
01077010100-189,651145,01077010100,1,18000,1,24,34.803014394591,-87.6588343012049
01077010100-190,880746,01077010100,1,20000,1,22,34.8031635910018,-87.6691275826907
01077010100-191,1215056,01077010100,1,20800,1,22,34.8032295108324,-87.6680721641363
01077010100-192,1472842,01077010100,1,16000,1,23,34.8032129459554,-87.6683651804363
01077010100-193,1313866,01077010100,1,22000,1,22,34.804688277614,-87.6634178878759
01077010100-194,930107,01077010100,1,20800,1,22,34.8048598185859,-87.6636695211951
01077010100-195,194078,01077010100,1,24000,1,22,34.8048857416277,-87.6627097883618
01077010100-196,880746,01077010100,1,20000,1,22,34.8037811487752,-87.6625426500597
01077010100-197,472895,01077010100,1,15000,1,23,34.8029974908088,-87.6780028411101
01077010100-198,5855,01077010100,1,17000,1,23,34.8048717470199,-87.6620207806298
01077010100-199,781429,01077010100,1,18000,1,24,34.8046345016473,-87.6612029063148
01077010100-200,680483,01077010100,1,15000,1,24,34.8047948361599,-87.6614426173293
01077010100-201,722471,01077010100,1,22000,1,23,34.8034895264492,-87.6607593932236
01077010100-202,171371,01077010100,1,20000,1,23,34.8032211153653,-87.6599700932646
01077010100-203,347365,01077010100,1,20000,1,32,34.8037603107048,-87.6672254912616
01077010100-204,532179,01077010100,1,21000,1,30,34.8037992032593,-87.6674854823102
01077010100-205,983134,01077010100,1,18000,1,26,34.8043908198323,-87.6661436796988
01077010100-206,494757,01077010100,1,22000,1,28,34.8043680758321,-87.6657046210249
01077010100-207,347365,01077010100,1,20000,1,32,34.8051809202028,-87.6652382461295
01077010100-208,241165,01077010100,1,20000,1,34,34.8047802798825,-87.6605380014053
01077010100-209,494757,01077010100,1,22000,1,28,34.8044159023183,-87.6592627695946
01077010100-210,505614,01077010100,1,24000,1,25,34.8042803229103,-87.6588605261582
01077010100-211,1359053,01077010100,1,15800,1,25,34.8033581123626,-87.6582540762805
01077010100-212,505614,01077010100,1,24000,1,25,34.7966131326128,-87.6473964303429
01077010100-213,1209062,01077010100,1,21500,1,32,34.7990736921478,-87.6494861335756
01077010100-214,791564,01077010100,1,18000,1,42,34.7957071572406,-87.6460571105999
01077010100-215,30734,01077010100,1,18000,1,53,34.7928488696556,-87.643932251466
01077010100-216,264148,01077010100,1,23500,1,48,34.7942087395638,-87.6446197421535
01077010100-217,1248853,01077010100,1,17700,1,49,34.7990146001447,-87.6490224156182
01077010100-218,153410,01077010100,1,18000,1,52,34.7984240927374,-87.6488841275301
01077010100-219,1125902,01077010100,1,20000,1,51,34.7933851143966,-87.6439445364609
01077010100-220,819410,01077010100,1,20000,1,49,34.7995638228733,-87.6491972440073
01077010100-221,202442,01077010100,1,20000,1,53,34.7935390289173,-87.6448179521078
01077010100-222,937850,01077010100,1,18400,1,48,34.7958302837633,-87.645892213156
01077010100-223,644765,01077010100,1,20000,1,50,34.7997387283461,-87.6495598578098
01077010100-224,569973,01077010100,1,24600,1,56,34.7965504073784,-87.6467155797452
01077010100-225,836780,01077010100,1,18400,1,58,34.7975958572925,-87.6476803964629
01077010100-226,684225,01077010100,1,19000,1,60,34.7947400524308,-87.6452614972862
01077010100-227,1155726,01077010100,1,20900,1,64,34.7979195198252,-87.6480615535753
01077010100-228,1131973,01077010100,1,17200,1,61,34.7997805975296,-87.6496240221581
01077010100-229,1034226,01077010100,1,19400,1,63,34.7971253529071,-87.6475987726893
01077010100-230,324069,01077010100,1,20300,1,61,34.7936982925006,-87.6442201024803
01077010100-231,921119,01077010100,1,20400,1,60,34.7992386000299,-87.6490233591165
01077010100-232,881365,01077010100,1,22900,1,72,34.799357099338,-87.64930363924
01077010100-233,944158,01077010100,1,15000,1,73,34.7977581846739,-87.6479095494607
01077010100-234,679058,01077010100,1,22000,1,70,34.7963281576138,-87.6649063644228
01077010100-235,101101,01077010100,1,22400,1,69,34.7961234159762,-87.6639360599947
01077010100-236,1050767,01077010100,1,17100,1,66,34.7973227823482,-87.6624667723487
01077010100-237,445089,01077010100,1,24600,1,66,34.7972730902047,-87.6617959459396
01077010100-238,562636,01077010100,1,19600,1,73,34.7966939122304,-87.6632404423889
01077010100-239,1116243,01077010100,1,18960,1,66,34.7975707466255,-87.6609891999608
01077010100-240,981790,01077010100,1,16100,1,72,34.7977442942829,-87.6611239537172
01077010100-241,1047868,01077010100,1,16100,1,76,34.798123607444,-87.6599840968689
01077010100-242,1146017,01077010100,1,17810,1,88,34.7983825991411,-87.6600746069676
01077010100-243,356786,01077010100,1,21700,1,93,34.7984966366827,-87.659016503581
01077010100-244,152564,01077010100,1,15000,1,93,34.7989236288829,-87.6583898015082
01077010100-245,564842,01077010100,1,21900,1,93,34.7989791989673,-87.6569727047011
01077010100-246,231939,01077010100,1,22400,1,93,34.7972496080682,-87.6633478520194
01077010100-247,1389976,01077010100,2,20000,1,22,34.7969032678872,-87.6634750920748
01077010100-248,17834,01077010100,2,18000,1,24,34.797573127161,-87.6626494128657
01077010100-249,1099379,01077010100,2,19500,1,24,34.7984983069199,-87.661515728954
01077010100-250,466173,01077010100,2,24000,1,23,34.7985958253792,-87.6602667856794
01077010100-251,931676,01077010100,2,18900,1,26,34.7987076344936,-87.6601685022626
01077010100-252,371278,01077010100,2,19800,1,32,34.799069605888,-87.6597030010714
01077010100-253,621850,01077010100,2,23000,1,27,34.7997293825708,-87.6586500563159
01077010100-254,879647,01077010100,2,18200,1,33,34.7992924015076,-87.6580392362921
01077010100-255,714552,01077010100,2,15000,1,30,34.7965485327939,-87.6740022233861
01077010100-256,867120,01077010100,2,18200,1,45,34.7995827427069,-87.6769691709781
01077010100-257,1165538,01077010100,2,18000,1,48,34.799254944608,-87.6767103707103
01077010100-258,1008594,01077010100,2,17520,1,49,34.798375215291,-87.676421677308
01077010100-259,1116732,01077010100,2,22000,1,46,34.797857019603,-87.6759046316267
01077010100-260,1353414,01077010100,2,23000,1,54,34.7969653034455,-87.6761375821134
01077010100-261,766282,01077010100,2,22100,1,59,34.7971443470948,-87.6753438850192
01077010100-262,1184943,01077010100,2,16300,1,64,34.796095653223,-87.6749279065758
01077010100-263,364555,01077010100,2,15800,1,62,34.7961459151895,-87.6747473840652
01077010100-264,350537,01077010100,2,22000,1,64,34.7961909108875,-87.6740136420601
01077010100-265,337694,01077010100,2,15300,1,66,34.795987231109,-87.6733342988131
01077010100-266,1072609,01077010100,2,24000,1,67,34.7979694223177,-87.6682634496313
01077010100-267,963865,01077010100,2,18300,1,93,34.7968257600237,-87.6749809382506
01077010100-268,445482,01077010100,6,24300,1,30,34.7970649147704,-87.6749105263927
01077010100-269,445482,01077010100,6,24300,1,30,34.8004704400164,-87.6742349382096
01077010100-270,445482,01077010100,6,24300,1,30,34.7990641034251,-87.6736679101329
01077010100-271,1442459,01077010100,6,24000,1,51,34.7979800174899,-87.6727585596994
01077010100-272,1417988,01077010100,1,30000,1,23,34.7977691423623,-87.6730123907572
01077010100-273,14259,01077010100,1,26000,1,24,34.7969272292644,-87.6718640747564
01077010100-274,611593,01077010100,1,25000,1,19,34.7979170812328,-87.6749742238043
01077010100-275,714065,01077010100,1,32000,1,31,34.798072908135,-87.6754201852512
01077010100-276,240022,01077010100,1,30000,1,26,34.7989143323517,-87.6671185156465
01077010100-277,639675,01077010100,1,30000,1,33,34.7958502369611,-87.6726127791809
01077010100-278,1303957,01077010100,1,25000,1,26,34.7958488364738,-87.6718337146592
01077010100-279,457876,01077010100,1,33500,1,32,34.7964815132095,-87.6711271907636
01077010100-280,381997,01077010100,1,30000,1,32,34.7966834242232,-87.670890306979
01077010100-281,432096,01077010100,1,30000,1,43,34.7971618211104,-87.6698314852745
01077010100-282,593519,01077010100,1,32000,1,49,34.7975491331865,-87.6683051769614
01077010100-283,1448739,01077010100,1,26000,1,49,34.7981576116974,-87.668035670462
01077010100-284,1037734,01077010100,1,30050,1,51,34.7982833747903,-87.6670986161974
01077010100-285,1441459,01077010100,1,26800,1,62,34.7968774595381,-87.6658291008221
01077010100-286,702803,01077010100,1,29300,1,60,34.7976565654586,-87.6658937794396
01077010100-287,1108066,01077010100,1,28000,1,72,34.797282283564,-87.6655824715901
01077010100-288,1190288,01077010100,1,36300,1,74,34.7961485067077,-87.6650747477123
01077010100-289,1241304,01077010100,1,25800,1,87,34.7987618811257,-87.6663469315446
01077010100-290,905780,01077010100,2,30000,1,24,34.7990199303036,-87.6655642246159
01077010100-291,1331959,01077010100,2,28000,1,29,34.799441749007,-87.6653154960073
01077010100-292,746431,01077010100,2,26800,1,33,34.7996469888715,-87.6643279646267
01077010100-293,336028,01077010100,2,28000,1,46,34.7996557283719,-87.6636916563186
01077010100-294,597540,01077010100,6,32060,1,31,34.7998839764989,-87.6621021462703
01077010100-295,1181038,01077010100,1,42000,1,24,34.8004913084992,-87.661221654939
01077010100-296,1088325,01077010100,1,47000,1,32,34.8013446474633,-87.6598599279872
01077010100-297,1150818,01077010100,1,45030,1,26,34.7991444845118,-87.6759949741627
01077010100-298,1429986,01077010100,1,40000,1,50,34.7987220275424,-87.6767768282979
01077010100-299,771170,01077010100,1,44000,1,61,34.8004127236683,-87.672340639734
01077010100-300,610489,01077010100,1,42000,1,70,34.7994804969482,-87.6721683470395
01077010100-301,573167,01077010100,2,45000,1,29,34.7985941331639,-87.6716581353936
01077010100-302,1315450,01077010100,1,55000,1,24,34.7980129613584,-87.6713718278592
01077010100-303,1315450,01077010100,1,55000,1,24,34.7975933679341,-87.6707329685515
01077010100-304,175113,01077010100,1,50000,1,31,34.7954138163187,-87.6742418290788
01077010100-305,1171816,01077010100,1,50000,1,28,34.7957998193949,-87.6737451672665
01077010100-306,1439351,01077010100,1,91000,1,31,34.7959681145962,-87.6747645443817
01077010100-307,220568,01077010100,1,56000,1,25,34.7958976582937,-87.6662886269898
01077010100-308,1143170,01077010100,1,72000,1,29,34.7963533290644,-87.666842449525
01077010100-309,1424693,01077010100,1,80000,1,29,34.7953897784136,-87.6663085344131
01077010100-310,132769,01077010100,1,60000,1,29,34.7953991767066,-87.6664740559933
01077010100-311,1301113,01077010100,1,75000,1,33,34.79580354525,-87.6714227905398
01077010100-312,1275274,01077010100,1,55000,1,36,34.7966496391566,-87.6704681899418
01077010100-313,678839,01077010100,1,54000,1,48,34.7961609951356,-87.6700028586961
01077010100-314,686737,01077010100,1,80000,1,54,34.7967051719927,-87.6702418023786
01077010100-315,1387212,01077010100,1,53000,1,47,34.7997719609201,-87.6767270182161
01077010100-316,130828,01077010100,1,55000,1,45,34.7997418871128,-87.6757201453055
01077010100-317,1490740,01077010100,1,62000,1,45,34.7992823107759,-87.6754832132658
01077010100-318,730738,01077010100,1,70000,1,56,34.7985173364742,-87.6748431889697
01077010100-319,190143,01077010100,1,60000,1,61,34.7983849871233,-87.6747238009329
01077010100-320,970899,01077010100,1,85000,1,63,34.7978688261948,-87.6745121050609
01077010100-321,314753,01077010100,1,52400,1,61,34.7999496166635,-87.6734405486454
01077010100-322,964772,01077010100,1,92800,1,67,34.7992024385438,-87.6729260740816
01077010100-323,293536,01077010100,1,63000,1,71,34.7977179998774,-87.6717879965033
01077010100-324,1227321,01077010100,1,76800,1,85,34.7995212549818,-87.6613139965757
01077010100-325,628336,01077010100,2,70000,1,25,34.7990862492698,-87.6602908343975
01077010100-326,242267,01077010100,2,50000,1,52,34.7984489036275,-87.6603583814602
01077010100-327,1281990,01077010100,2,50000,1,64,34.7995563888772,-87.6688966062848
01077010100-328,782047,01077010100,6,65000,1,29,34.7981022698644,-87.6634310853029
01077010100-329,1071413,01077010100,6,65000,1,26,34.798000759906,-87.6635136186662
01077010100-330,782047,01077010100,6,65000,1,29,34.7974797612065,-87.6637616206699
01077010100-331,1368283,01077010100,6,171000,1,34,34.7985556528444,-87.6618127770019
01077010100-332,397754,01077010100,1,600,2,19,34.7986795174931,-87.6611968843685
01077010100-333,707712,01077010100,1,2000,2,20,34.7994165853823,-87.6598638360295
01077010100-334,1485481,01077010100,1,7000,2,20,34.7996507735084,-87.6601792098203
01077010100-335,1271790,01077010100,1,0,2,21,34.7998235483763,-87.6584311790834
01077010100-336,554393,01077010100,1,0,2,21,34.7996931220496,-87.6594611767353
01077010100-337,1437307,01077010100,1,5700,2,20,34.8004771951796,-87.6570613876412
01077010100-338,1003990,01077010100,1,390,2,19,34.8002899804931,-87.6574128031125
01077010100-339,1437307,01077010100,1,5700,2,20,34.8007915782227,-87.6563557594761
01077010100-340,891653,01077010100,1,24500,2,21,34.8010756170405,-87.6631281247186
01077010100-341,620237,01077010100,1,2200,2,23,34.7989235423611,-87.6627260499563
01077010100-342,987677,01077010100,1,3800,2,23,34.7991829828834,-87.6621646326304
01077010100-343,780528,01077010100,1,9300,2,20,34.7981402923992,-87.6620943215244
01077010100-344,1207510,01077010100,1,0,2,22,34.7971995446699,-87.6614369775316
01077010100-345,926301,01077010100,1,1650,2,22,34.7994296446589,-87.6758259791615
01077010100-346,554393,01077010100,1,0,2,21,34.7995161891209,-87.6763457320061
01077010100-347,1120555,01077010100,1,0,2,18,34.7993898289791,-87.6568769551869
01077010100-348,1359309,01077010100,1,9280,2,27,34.7995436118314,-87.6679861448383
01077010100-349,796088,01077010100,1,1700,2,25,34.7998284614518,-87.6681665826004
01077010100-350,364710,01077010100,1,8000,2,33,34.8028902225279,-87.6678718557277
01077010100-351,603957,01077010100,1,0,2,27,34.8018241704348,-87.6670405870777
01077010100-352,1441010,01077010100,1,7800,2,41,34.8011954464756,-87.6664260051405
01077010100-353,548757,01077010100,1,9600,2,52,34.8004843394888,-87.6662131417888
01077010100-354,367290,01077010100,1,6000,2,50,34.7997413657268,-87.6655810286396
01077010100-355,171611,01077010100,1,7600,2,51,34.7982107605486,-87.6645173493813
01077010100-356,105339,01077010100,1,0,2,55,34.7991358967368,-87.6652165788947
01077010100-357,1404124,01077010100,1,3130,2,56,34.7974375011973,-87.6642392214572
01077010100-358,109628,01077010100,1,8680,2,56,34.7968013405666,-87.6636183783049
01077010100-359,82180,01077010100,1,3320,2,60,34.7988332189279,-87.6736419488755
01077010100-360,922865,01077010100,1,9300,2,70,34.7978284551983,-87.6744498327032
01077010100-361,164008,01077010100,2,190,2,24,34.7989210541639,-87.6725955347469
01077010100-362,906018,01077010100,2,1800,2,24,34.7996475204795,-87.672590029798
01077010100-363,1244507,01077010100,2,3200,2,19,34.7997267137239,-87.6715725443137
01077010100-364,312647,01077010100,2,9900,2,48,34.8001628439694,-87.6710110780178
01077010100-365,60176,01077010100,2,0,2,18,34.8003513986118,-87.6700257136146
01077010100-366,164008,01077010100,2,190,2,24,34.8002860055944,-87.6693984784862
01077010100-367,499675,01077010100,2,0,2,26,34.8014890134507,-87.6719344192964
01077010100-368,130924,01077010100,2,6800,2,25,34.8002941547956,-87.6706909937069
01077010100-369,873253,01077010100,2,4800,2,26,34.7996071412342,-87.6704084295341
01077010100-370,388607,01077010100,2,0,2,29,34.7990278597739,-87.6707380542201
01077010100-371,12245,01077010100,2,0,2,41,34.7975467042361,-87.6696304911627
01077010100-372,546220,01077010100,2,7820,2,49,34.8003293581008,-87.675271501424
01077010100-373,604400,01077010100,2,6420,2,46,34.8001609939115,-87.6618853747563
01077010100-374,585117,01077010100,2,0,2,52,34.8000724288911,-87.6612779554179
01077010100-375,395336,01077010100,6,0,2,24,34.8003137141273,-87.6618698370519
01077010100-376,395336,01077010100,6,0,2,24,34.7998258306153,-87.6600284083598
01077010100-377,1105056,01077010100,6,970,1,20,34.8000917401674,-87.6589201146557
01077010100-378,395336,01077010100,6,0,2,24,34.8010332918213,-87.6581241066959
01077010100-379,772576,01077010100,6,5000,2,32,34.8000853793364,-87.6585080412755
01077010100-380,932557,01077010100,1,11500,2,20,34.8011803579906,-87.6570762790722
01077010100-381,583112,01077010100,1,14700,2,21,34.8007899519994,-87.6768644846754
01077010100-382,234577,01077010100,1,10000,2,23,34.8008300059412,-87.6777027993588
01077010100-383,932557,01077010100,1,11500,2,20,34.8004002514487,-87.6761316341483
01077010100-384,993663,01077010100,1,11500,2,20,34.800541878843,-87.6746658469917
01077010100-385,468878,01077010100,1,14200,2,19,34.8005339927564,-87.6680121179623
01077010100-386,462906,01077010100,1,13500,2,28,34.7961952111317,-87.6733996369027
01077010100-387,1182288,01077010100,1,10000,2,25,34.796633410383,-87.6732712888864
01077010100-388,387322,01077010100,1,13220,2,46,34.797253815711,-87.6720575983988
01077010100-389,170447,01077010100,1,13200,2,50,34.7980086483167,-87.6710935593612
01077010100-390,374187,01077010100,1,10000,2,64,34.797716195044,-87.6700679513102
01077010100-391,1355361,01077010100,1,14600,2,63,34.7981752880546,-87.6700046706194
01077010100-392,1074058,01077010100,2,10000,2,24,34.798294078523,-87.669525584648
01077010100-393,16900,01077010100,2,13000,2,24,34.7983095526356,-87.6686818168694
01077010100-394,1074058,01077010100,2,10000,2,24,34.7993859749274,-87.6673370570545
01077010100-395,97779,01077010100,2,11350,2,29,34.7992540462343,-87.6675017558246
01077010100-396,1435996,01077010100,2,13000,2,34,34.7996298993299,-87.6664473919398
01077010100-397,1054666,01077010100,2,12000,2,52,34.7995021152735,-87.6669106660048
01077010100-398,702108,01077010100,2,12700,2,62,34.8001236991457,-87.6647391038721
01077010100-399,824576,01077010100,1,24500,2,23,34.8002322956315,-87.6651126773818
01077010100-400,1243712,01077010100,1,22000,2,21,34.8006222450193,-87.6643170665958
01077010100-401,580977,01077010100,1,17800,2,22,34.8005401189387,-87.6642599402163
01077010100-402,108810,01077010100,1,24900,2,21,34.8017186366357,-87.6627204001239
01077010100-403,824576,01077010100,1,24500,2,23,34.8016210965729,-87.6619233167663
01077010100-404,685246,01077010100,1,24000,2,23,34.8016727990451,-87.6620830978439
01077010100-405,1257814,01077010100,1,23120,2,20,34.8026528026536,-87.6598143311238
01077010100-406,479629,01077010100,1,16700,2,24,34.8019419803427,-87.6607972388562
01077010100-407,844251,01077010100,1,18500,2,22,34.8028256648251,-87.659345000842
01077010100-408,1257814,01077010100,1,23120,2,20,34.8030275676126,-87.65853794581
01077010100-409,1486197,01077010100,1,20000,2,23,34.8008511339869,-87.6745395101805
01077010100-410,1244627,01077010100,1,16920,2,19,34.8019097524465,-87.6724914021465
01077010100-411,528372,01077010100,1,16000,2,21,34.8019098434799,-87.6719734071755
01077010100-412,241044,01077010100,1,24000,2,21,34.80259669266,-87.6710875105478
01077010100-413,828434,01077010100,1,23000,2,24,34.8023066219353,-87.6712233646357
01077010100-414,1257814,01077010100,1,23120,2,20,34.8026084732853,-87.670159956343
01077010100-415,1292445,01077010100,1,21500,2,31,34.8027676402476,-87.669996470926
01077010100-416,68214,01077010100,1,17600,2,26,34.8023216537899,-87.6683699798621
01077010100-417,444250,01077010100,1,19000,2,31,34.8015077538744,-87.668557647172
01077010100-418,1148372,01077010100,1,21600,2,34,34.7997993974848,-87.6691022604346
01077010100-419,1263192,01077010100,1,24900,2,44,34.7987526107387,-87.6707824271105
01077010100-420,378458,01077010100,1,15000,2,52,34.7990337156377,-87.6707959744766
01077010100-421,1324959,01077010100,1,19500,2,45,34.7986008697587,-87.6722645610714
01077010100-422,1267195,01077010100,1,20000,2,45,34.797799131344,-87.6730148411655
01077010100-423,218736,01077010100,1,16000,2,46,34.7975670037812,-87.6737366466472
01077010100-424,1225785,01077010100,1,18100,2,57,34.8002511714286,-87.6676781836042
01077010100-425,1182181,01077010100,1,23100,2,61,34.8001529679178,-87.6676055876906
01077010100-426,61851,01077010100,1,17520,2,64,34.8006147712929,-87.6675126946363
01077010100-427,587348,01077010100,1,18100,2,63,34.8009816883365,-87.6660938490405
01077010100-428,324162,01077010100,1,24640,2,65,34.8013380339162,-87.665564973118
01077010100-429,408531,01077010100,1,17000,2,68,34.7998891625024,-87.6678340170827
01077010100-430,1405576,01077010100,1,19100,2,66,34.79944451731,-87.6752999026694
01077010100-431,1210033,01077010100,1,15000,2,67,34.7999611833248,-87.6743187779753
01077010100-432,247227,01077010100,1,19800,2,85,34.8001621314149,-87.6734681034639
01077010100-433,699030,01077010100,2,19000,2,22,34.8001806552743,-87.6727690007667
01077010100-434,349378,01077010100,2,16300,2,21,34.8009322626616,-87.671788497816
01077010100-435,1491394,01077010100,2,18000,2,22,34.8000772804618,-87.6723966232418
01077010100-436,1197280,01077010100,2,22500,2,23,34.8012679790481,-87.6701258669681
01077010100-437,20001,01077010100,2,19050,2,27,34.8011197814025,-87.6706673794188
01077010100-438,305519,01077010100,2,18200,2,26,34.8018063172564,-87.6694276164197
01077010100-439,783966,01077010100,2,24500,2,25,34.8019082022187,-87.6697123204895
01077010100-440,551481,01077010100,2,20000,2,48,34.8002757882192,-87.6766487564032
01077010100-441,651415,01077010100,2,22000,2,46,34.8013049787088,-87.6772522004235
01077010100-442,1133811,01077010100,2,15200,2,64,34.8018520793361,-87.6773466394283
01077010100-443,1189214,01077010100,2,13600,2,66,34.8031678775561,-87.6793052960846
01077010100-444,865753,01077010100,6,15000,2,33,34.803285579231,-87.6787937684284
01077010100-445,1216635,01077010100,1,27000,2,21,34.8018197531062,-87.6776921496365
01077010100-446,1449851,01077010100,1,32000,2,24,34.8013873794142,-87.67804521218
01077010100-447,1388119,01077010100,1,32000,2,20,34.8029306891088,-87.6785410381111
01077010100-448,165855,01077010100,1,28500,2,30,34.8021610629109,-87.6785647554364
01077010100-449,165855,01077010100,1,28500,2,30,34.8016137959302,-87.6758886876616
01077010100-450,841674,01077010100,1,30700,2,50,34.8011216833515,-87.6756764589946
01077010100-451,252462,01077010100,1,30000,2,64,34.8005601899672,-87.6692526462109
01077010100-452,262777,01077010100,1,25200,2,70,34.801760269807,-87.669922138355
01077010100-453,616369,01077010100,1,31700,2,72,34.8023789606133,-87.6704240556787
01077010100-454,1481406,01077010100,2,25000,2,22,34.8021890593127,-87.665464017731
01077010100-455,129258,01077010100,2,34000,2,30,34.8015206991325,-87.6651871965105
01077010100-456,386006,01077010100,2,28000,2,50,34.7994852107655,-87.6643205775487
01077010100-457,217820,01077010100,1,35000,2,22,34.8004899034401,-87.659673677785
01077010100-458,1466915,01077010100,1,36000,2,34,34.8003334738268,-87.6601142586655
01077010100-459,141813,01077010100,1,46300,2,48,34.8006561413113,-87.6586451939871
01077010100-460,798160,01077010100,1,37000,2,63,34.801044632849,-87.6582974537005
01077010100-461,125923,01077010100,1,35380,2,69,34.8016017909136,-87.6572439544993
01077010100-462,1121927,01077010100,1,45400,2,65,34.801305543846,-87.658162878615
01077010100-463,237790,01077010100,1,46600,2,74,34.8012825125538,-87.6583256105578
01077010100-464,966077,01077010100,1,61000,2,21,34.8012932555895,-87.6614216848758
01077010100-465,155022,01077010100,1,68000,2,24,34.8029758381392,-87.6587191862853
01077010100-466,534710,01077010100,1,78000,2,23,34.8030011542262,-87.6586656975429
01077010100-467,966077,01077010100,1,61000,2,21,34.8018606097479,-87.6584392287652
01077010100-468,42693,01077010100,1,71000,2,24,34.8012203717391,-87.6578286167689
01077010100-469,1452092,01077010100,1,54800,2,33,34.8008655580337,-87.6572623464894
01077010100-470,114483,01077010100,1,59000,2,32,34.8005683341736,-87.657292147557
01077010100-471,781975,01077010100,1,76000,2,29,34.8010108971396,-87.668659278955
01077010100-472,45160,01077010100,1,66000,2,25,34.8012765296346,-87.6676402205983
01077010100-473,975540,01077010100,1,72100,2,33,34.8012545931875,-87.6678640181068
01077010100-474,1252576,01077010100,1,90100,2,26,34.8017095971744,-87.6668677441226
01077010100-475,970086,01077010100,1,95000,2,26,34.8019409785382,-87.6668520838906
01077010100-476,94352,01077010100,1,80000,2,30,34.8026992033646,-87.6614451404462
01077010100-477,1157136,01077010100,1,61200,2,30,34.8020184739066,-87.6614214293069
01077010100-478,970086,01077010100,1,95000,2,26,34.8019312873493,-87.6612421777166
01077010100-479,1274402,01077010100,1,67030,2,43,34.8003928211559,-87.6602550342024
01077010100-480,483284,01077010100,1,87250,2,53,34.7999991966133,-87.6598262342206
01077010100-481,870631,01077010100,1,65000,2,54,34.7997687669381,-87.6595630498411
01077010100-482,516812,01077010100,1,94000,2,45,34.7993524710078,-87.6594866507676
01077010100-483,747299,01077010100,1,55005,2,53,34.7987408404772,-87.6588943470275
01077010100-484,1050762,01077010100,1,90000,2,53,34.8005118888952,-87.6760836401041
01077010100-485,1269723,01077010100,1,93060,2,50,34.801376936388,-87.6769244214602
01077010100-486,1096684,01077010100,1,60600,2,46,34.8023622722486,-87.6776849619608
01077010100-487,257769,01077010100,1,88000,2,58,34.8015846842858,-87.6590293000982
01077010100-488,105061,01077010100,1,76000,2,57,34.8019569998022,-87.6592745513784
01077010100-489,824937,01077010100,1,74400,2,60,34.803037158229,-87.6602678132767
01077010100-490,1491615,01077010100,1,71900,2,63,34.8020305111887,-87.6593668258827
01077010100-491,282570,01077010100,1,70000,2,60,34.8019526623312,-87.6595295612067
01077010100-492,65378,01077010100,1,96300,2,60,34.801076901452,-87.6594268903689
01077010100-493,1216499,01077010100,1,64200,2,62,34.8009296810106,-87.6590243306789
01077010100-494,933557,01077010100,1,93100,2,64,34.8000905768525,-87.6586222854505
01077010100-495,1207318,01077010100,1,78100,2,69,34.8004942127505,-87.6588999203684
01077010100-496,992877,01077010100,1,73400,2,69,34.7996092174988,-87.6583025315093
01077010100-497,1440039,01077010100,1,76100,2,65,34.798840384351,-87.657522444178
01077010100-498,846821,01077010100,1,86100,2,65,34.7987692536631,-87.6578258107941
01077010100-499,1105929,01077010100,1,51100,2,70,34.7988933022951,-87.6575152973447
01077010100-500,23048,01077010100,1,64700,2,73,34.8018270606138,-87.6602521450614
01077010100-501,1465612,01077010100,2,85300,2,24,34.8017131338374,-87.6608824388139
01077010100-502,822284,01077010100,2,78000,2,34,34.8023256638294,-87.658686423287
01077010100-503,1309970,01077010100,2,58000,2,46,34.8026855730012,-87.6589457907103
01077010100-504,1136169,01077010100,2,88000,2,46,34.8012906473025,-87.6577808956298
01077010100-505,750733,01077010100,2,56400,2,62,34.8015385806528,-87.6577097578442
01077010100-506,159036,01077010100,6,94300,2,27,34.8020242070841,-87.6559196168578
01077010100-507,890938,01077010100,6,66130,2,33,34.8019038562972,-87.6555197510161
01077010100-508,1399770,01077010100,6,71000,2,26,34.8023192493006,-87.6549603881747
01077010100-509,150644,01077010100,1,100000,2,31,34.8027942988882,-87.6691303248703
01077010100-510,658170,01077010100,1,195010,2,52,34.8023616288009,-87.6681671772268
01077010100-511,957074,01077010100,1,101000,2,64,34.8029653277714,-87.6672045718122
01077010100-512,184402,01077010100,1,3200,3,22,34.8019710319883,-87.6718300011233
01077010100-513,1077964,01077010100,1,9600,3,22,34.8021839889215,-87.6725041593219
01077010100-514,29630,01077010100,1,4000,3,23,34.802982448486,-87.6612755788052
01077010100-515,188826,01077010100,1,0,3,24,34.803011750261,-87.6607290208668
01077010100-516,401186,01077010100,1,8000,3,19,34.8028092173116,-87.6676580088265
01077010100-517,1340945,01077010100,1,1500,3,23,34.8026523196494,-87.6569404807883
01077010100-518,1184087,01077010100,1,2500,3,19,34.8029790183107,-87.6574769687125
01077010100-519,547470,01077010100,1,8400,3,24,34.8026653101004,-87.6574943929353
01077010100-520,1245934,01077010100,1,700,3,34,34.8008309720476,-87.6562578586031
01077010100-521,415613,01077010100,1,0,3,28,34.7997763641576,-87.6565602497711
01077010100-522,1226191,01077010100,1,2200,3,28,34.8004309186762,-87.6562410571655
01077010100-523,237931,01077010100,1,930,3,25,34.8030407650717,-87.6561381606714
01077010100-524,35291,01077010100,1,6300,3,29,34.8032659640164,-87.6561256061525
01077010100-525,679652,01077010100,1,8000,3,36,34.8031769243821,-87.6562940648852
01077010100-526,468496,01077010100,1,8800,3,45,34.8018634481856,-87.6556443052718
01077010100-527,1224564,01077010100,2,5500,3,22,34.8043498918587,-87.6556948691515
01077010100-528,545125,01077010100,2,9870,3,21,34.8025860113146,-87.6550271557765
01077010100-529,428791,01077010100,2,10,3,21,34.8033478232125,-87.6553880052946
01077010100-530,545125,01077010100,2,9870,3,21,34.8045411770692,-87.6557393920087
01077010100-531,945485,01077010100,2,8300,3,32,34.8060194709438,-87.6826081412643
01077010100-532,894131,01077010100,2,0,3,32,34.8065292094515,-87.6834942831902
01077010100-533,887299,01077010100,2,0,3,25,34.8057237953319,-87.6816122686605
01077010100-534,774948,01077010100,2,1100,3,31,34.8060445316732,-87.6830458107428
01077010100-535,86502,01077010100,2,7800,3,30,34.8054903845549,-87.6817916766406
01077010100-536,600364,01077010100,2,8600,3,50,34.8057137641025,-87.6820664531771
01077010100-537,931412,01077010100,6,2500,3,34,34.8062090012464,-87.680203352315
01077010100-538,207709,01077010100,1,12100,3,24,34.8037028909126,-87.6578022794129
01077010100-539,1164742,01077010100,1,11500,3,49,34.8033517053021,-87.6774943583769
01077010100-540,51232,01077010100,1,10300,3,30,34.8064978897381,-87.664441602964
01077010100-541,147024,01077010100,1,10200,3,46,34.8011488601045,-87.6745926381166
01077010100-542,7012,01077010100,2,13000,3,24,34.8021438054275,-87.6754308035915
01077010100-543,744906,01077010100,2,12000,3,31,34.8029579445775,-87.6756346054903
01077010100-544,1076816,01077010100,1,21600,3,20,34.804317685881,-87.6765086637072
01077010100-545,668757,01077010100,1,16800,3,23,34.8045474071485,-87.6768777777387
01077010100-546,1360611,01077010100,1,24000,3,22,34.8051983271038,-87.6774524447071
01077010100-547,976953,01077010100,1,20300,3,22,34.8048545480356,-87.6771032360672
01077010100-548,127177,01077010100,1,15000,3,21,34.8029925061524,-87.6614564266586
01077010100-549,668757,01077010100,1,16800,3,23,34.8030326448888,-87.6615813239132
01077010100-550,727057,01077010100,1,23700,3,19,34.8036427143012,-87.6596245900001
01077010100-551,771353,01077010100,1,16000,3,25,34.8032970347403,-87.6602153365256
01077010100-552,1393925,01077010100,1,23200,3,33,34.8035596549753,-87.6625270946823
01077010100-553,56282,01077010100,1,18300,3,29,34.8038175137884,-87.6620918918734
01077010100-554,707561,01077010100,1,18400,3,52,34.8038885044768,-87.6615481670105
01077010100-555,1311709,01077010100,2,15830,3,24,34.8044552268209,-87.6787093416047
01077010100-556,1442863,01077010100,2,24000,3,22,34.8048811863921,-87.6786247995214
01077010100-557,913842,01077010100,2,15200,3,31,34.8045828023506,-87.6790513119261
01077010100-558,792368,01077010100,2,24000,3,29,34.8047423072686,-87.6783230335544
01077010100-559,1403110,01077010100,2,18000,3,33,34.8045119475138,-87.6784260833651
01077010100-560,1303356,01077010100,2,21804,3,53,34.8049284608228,-87.6595423690029
01077010100-561,31521,01077010100,6,20300,3,30,34.8050745471783,-87.6591847441415
01077010100-562,209511,01077010100,1,32000,3,20,34.8051089037794,-87.6585623667107
01077010100-563,1055130,01077010100,1,25530,3,20,34.8044335725416,-87.6603856685793
01077010100-564,369053,01077010100,1,29400,3,25,34.8046773324331,-87.6621504761132
01077010100-565,1247318,01077010100,2,30600,3,33,34.8009604547661,-87.6763851272083
01077010100-566,63062,01077010100,1,40600,3,21,34.8010089756633,-87.6757534423706
01077010100-567,1055292,01077010100,1,38500,3,21,34.8022099213141,-87.6742547767859
01077010100-568,770651,01077010100,1,40000,3,30,34.8020938920057,-87.673771134453
01077010100-569,567280,01077010100,1,70400,3,22,34.8023698782675,-87.6737339705649
01077010100-570,1193206,01077010100,1,50000,3,24,34.8026121386054,-87.6724649020939
01077010100-571,1256936,01077010100,1,95000,3,23,34.8029145841274,-87.6718079135907
01077010100-572,387109,01077010100,1,72000,4,34,34.8018510289797,-87.6768363417408
01077010100-573,1455229,01077010100,1,91500,3,29,34.8020278202826,-87.676083005543
01077010100-574,1055903,01077010100,1,62000,3,33,34.8021983150903,-87.6758767765347
01077010100-575,1398502,01077010100,1,53700,3,28,34.8031335053751,-87.6745550045537
01077010100-576,820185,01077010100,1,98000,3,33,34.8024978745632,-87.6724119492902
01077010100-577,889645,01077010100,1,98200,3,29,34.8028811876704,-87.6723466202322
01077010100-578,663728,01077010100,1,63500,3,27,34.8048028612018,-87.6630745301644
01077010100-579,703881,01077010100,1,81500,3,41,34.8027854310095,-87.6777797693406
01077010100-580,425725,01077010100,1,76000,3,50,34.8028133645574,-87.6761399389609
01077010100-581,761581,01077010100,1,60500,3,54,34.8038603338254,-87.6755110461501
01077010100-582,756903,01077010100,1,70000,3,52,34.8035688642072,-87.6757189094181
01077010100-583,544074,01077010100,1,57300,3,47,34.8059983824689,-87.6626906755726
01077010100-584,1159887,01077010100,1,95700,3,60,34.8055714176861,-87.6790071756755
01077010100-585,1101205,01077010100,2,54500,3,32,34.804852893489,-87.6796763578146
01077010100-586,400737,01077010100,2,99000,3,48,34.8054396358324,-87.6800705288484
01077010100-587,1237597,01077010100,6,76000,3,33,34.8051567443813,-87.6795855922657
01077010100-588,716768,01077010100,1,107000,3,48,34.8049912915495,-87.6800081709691
01077010100-589,741369,01077010100,1,0,4,24,34.8059634534412,-87.6788465943184
01077010100-590,741369,01077010100,1,0,4,24,34.8046761837765,-87.6648838796197
01077010100-591,319218,01077010100,1,400,4,30,34.8057338461364,-87.663138427147
01077010100-592,460523,01077010100,1,6000,4,30,34.8053771784769,-87.6633221573669
01077010100-593,262304,01077010100,1,4500,4,25,34.8059678101674,-87.662972480298
01077010100-594,1198624,01077010100,2,9000,4,22,34.8049616187093,-87.6641921156242
01077010100-595,1483245,01077010100,2,2250,4,20,34.8059720331307,-87.6628787761063
01077010100-596,289074,01077010100,2,3700,4,23,34.8060165324722,-87.662805160614
01077010100-597,1223998,01077010100,2,2650,4,32,34.8061891913166,-87.6599525817942
01077010100-598,27254,01077010100,2,560,4,33,34.8043964125243,-87.6589025632594
01077010100-599,880981,01077010100,1,10000,4,21,34.8044911985335,-87.6589202220692
01077010100-600,1235071,01077010100,1,12000,4,26,34.8048408873783,-87.6594645895483
01077010100-601,799584,01077010100,1,17000,4,22,34.8056694842061,-87.6597852018319
01077010100-602,901365,01077010100,1,22700,4,21,34.8021805119281,-87.670640043623
01077010100-603,1310259,01077010100,1,15500,4,24,34.8032108715013,-87.671450989824
01077010100-604,848186,01077010100,1,19400,4,24,34.8053915568743,-87.6611828330005
01077010100-605,1247641,01077010100,1,17000,4,33,34.8058240123421,-87.660550968241
01077010100-606,492109,01077010100,1,18000,4,27,34.8072429907857,-87.661887916123
01077010100-607,900537,01077010100,1,20700,4,34,34.8065015941037,-87.6605014247753
01077010100-608,198396,01077010100,1,15000,4,54,34.8064864538103,-87.6609208788819
01077010100-609,566196,01077010100,2,15800,4,34,34.8068279632234,-87.6616593773657
01077010100-610,566196,01077010100,2,15800,4,34,34.8067589229158,-87.6616390693112
01077010100-611,268846,01077010100,2,16000,4,29,34.8055856816824,-87.6784234048562
01077010100-612,68228,01077010100,1,33500,4,24,34.8064977673297,-87.6778874405057
01077010100-613,766158,01077010100,1,34000,4,29,34.8063643306906,-87.6770207730356
01077010100-614,565460,01077010100,1,68000,4,24,34.805378573035,-87.6588404547603
01077010100-615,130066,01077010100,1,72000,4,32,34.8064439240096,-87.6594841567084
01077010100-616,319364,01077010100,1,93020,4,30,34.8050404450046,-87.6579346256841
01077010100-617,1481190,01077010100,1,80000,4,31,34.8053307951791,-87.6586791853159
01077010100-618,1153343,01077010100,1,74000,4,29,34.8059306247431,-87.6587754052041
01077010100-619,892278,01077010100,1,85820,4,31,34.8061778221885,-87.6586347015886
01077010100-620,979763,01077010100,1,99000,4,29,34.806726310972,-87.6629768731436
01077010100-621,620848,01077010100,1,83000,4,28,34.803541119785,-87.6777473697506
01077010100-622,305110,01077010100,1,51504,4,31,34.8046804856702,-87.6771515149914
01077010100-623,583500,01077010100,1,50000,4,36,34.8061359823213,-87.6764214995698
01077010100-624,666980,01077010100,1,57000,4,42,34.8053486872889,-87.6765640740037
01077010100-625,67009,01077010100,1,72000,4,53,34.7997454061177,-87.6774503391342
01077010100-626,925075,01077010100,1,96000,4,47,34.8021009824079,-87.6783444772264
01077010100-627,476415,01077010100,2,98100,4,27,34.8025325617143,-87.6793064408236
01077010100-628,114853,01077010100,2,60000,4,49,34.8035913322859,-87.6800018430961
01077010100-629,200196,01077010100,1,140000,4,34,34.8045736784059,-87.680276395066
01077010100-630,131086,01077010100,1,85600,4,45,34.8043438891508,-87.6802278672648
01077010100-631,1012527,01077010100,1,0,5,24,34.8055616331013,-87.6806272362851
01077010100-632,380460,01077010100,1,1400,5,29,34.8060877959128,-87.6811065820635
01077010100-633,811090,01077010100,1,1900,5,34,34.8071485198741,-87.6819591639997
01077010100-634,380460,01077010100,1,1400,5,29,34.8062320907047,-87.6814326660381
01077010100-635,380460,01077010100,1,1400,5,29,34.8014773721874,-87.6735607252325
01077010100-636,433750,01077010100,2,8000,5,33,34.8031545438693,-87.6744108384289
01077010100-637,752925,01077010100,2,6500,5,30,34.80313669772,-87.6740631778873
01077010100-638,412403,01077010100,2,0,5,32,34.8047066004035,-87.6753864510928
01077010100-639,193452,01077010100,2,5020,5,25,34.8050751941891,-87.6755690896923
01077010100-640,1335203,01077010100,2,5000,5,28,34.8051233326427,-87.6569326903915
01077010100-641,1053110,01077010100,1,14500,5,23,34.8054313805608,-87.6567716990821
01077010100-642,635937,01077010100,1,14000,5,29,34.8083874798063,-87.6598757077193
01077010100-643,1463546,01077010100,2,14500,5,21,34.8086685027775,-87.6598297602491
01077010100-644,1012467,01077010100,1,24000,5,21,34.8093710741541,-87.6607290194248
01077010100-645,1012467,01077010100,1,24000,5,21,34.8091359795282,-87.659950342886
01077010100-646,1313507,01077010100,1,15300,5,30,34.8082291992936,-87.6596337696606
01077010100-647,913518,01077010100,1,21000,5,31,34.8088126071219,-87.6601849693157
01077010100-648,515519,01077010100,1,16901,5,26,34.8061400591476,-87.6577897334578
01077010100-649,59273,01077010100,1,21600,5,26,34.800973245481,-87.6581231489035
01077010100-650,228338,01077010100,2,22900,5,33,34.7980136792294,-87.6612656621427
01077010100-651,1289312,01077010100,2,17300,5,34,34.7979031309869,-87.6743395650907
01077010100-652,674051,01077010100,6,16000,5,51,34.7989989716769,-87.6656735110769
01077010100-653,939213,01077010100,1,25000,5,31,34.7983601860451,-87.6696537304664
01077010100-654,1131977,01077010100,1,31600,5,33,34.8097318198286,-87.6817799120433
01077010100-655,347982,01077010100,1,41000,5,30,34.8049098298796,-87.6561162122086
01077010100-656,1117112,01077010100,1,66000,5,20,34.8016456375459,-87.6699500657767
01077010100-657,1074696,01077010100,1,77000,5,26,34.8021191942443,-87.6760909579044
01077010100-658,1231698,01077010100,1,87000,5,30,34.8011762918419,-87.6678772723826
01077010100-659,548891,01077010100,1,64000,5,31,34.793256775533,-87.6441171916779
01077010100-660,649044,01077010100,1,80000,5,31,34.8025370539381,-87.6705623247755
01077010100-661,199603,01077010100,1,68000,5,29,34.8034730192519,-87.6795546285609
01077010100-662,1401764,01077010100,1,71000,5,39,34.8041239630025,-87.680130476342
01077010100-663,1060265,01077010100,1,54000,5,39,34.809429078937,-87.6809770197353
01077010100-664,233547,01077010100,1,82900,5,54,34.8111029435742,-87.6627024565225
01077010100-665,1130469,01077010100,1,57900,3,52,34.8072290403679,-87.6599820701042
01077010100-666,233547,01077010100,1,82900,5,54,34.8068970248532,-87.6594590104107
01077010100-667,679263,01077010100,2,54740,5,35,34.8058220414005,-87.663510145167
01077010100-668,630557,01077010100,1,100000,5,34,34.7986680335684,-87.6605156283892
01077010100-669,953836,01077010100,1,103000,5,34,34.7922098227781,-87.6669604296883
01077010100-670,850518,01077010100,1,118300,5,46,34.8036054387989,-87.6625275714176
01077010100-671,357255,01077010100,1,108000,5,51,34.7963875150081,-87.663900925353
