sp_id,sp_hh_id,serialno,stcotrbg,age,sex,race,sporder,relate,sp_school_id,sp_work_id
01077010100-1-1,01077010100-1,1322206,01077010100,22,1,1,1,0,,400711410
01077010100-4-4,01077010100-4,126976,01077010100,24,1,1,1,0,,
01077010100-5-5,01077010100-5,395268,01077010100,24,1,1,1,0,,599403045
01077010100-6-6,01077010100-6,1132691,01077010100,23,2,1,1,0,,574666293
01077010100-7-7,01077010100-7,1125925,01077010100,24,2,1,1,0,,401889282
01077010100-8-8,01077010100-8,1190366,01077010100,20,1,1,1,0,,902095116
01077010100-9-9,01077010100-9,1436778,01077010100,21,1,1,1,0,,495971152
01077010100-10-10,01077010100-10,1185454,01077010100,18,2,1,1,0,010201000765,251884706
01077010100-11-11,01077010100-11,1337099,01077010100,21,1,1,1,0,,
01077010100-12-12,01077010100-12,793906,01077010100,22,2,1,1,0,,
01077010100-13-13,01077010100-13,204495,01077010100,22,1,1,1,0,,803520097
01077010100-14-14,01077010100-14,1240011,01077010100,21,2,1,1,0,,
01077010100-15-15,01077010100-15,1369919,01077010100,19,2,1,1,0,,133755777
01077010100-16-16,01077010100-16,189786,01077010100,24,1,1,1,0,,133748129
01077010100-17-17,01077010100-17,1067716,01077010100,24,1,1,1,0,,
01077010100-18-18,01077010100-18,655372,01077010100,23,2,1,1,0,,133752444
01077010100-19-19,01077010100-19,649360,01077010100,23,1,1,1,0,,
01077010100-20-20,01077010100-20,343541,01077010100,24,1,1,1,0,,
01077010100-21-21,01077010100-21,793906,01077010100,22,2,1,1,0,,
01077010100-22-22,01077010100-22,126976,01077010100,24,1,1,1,0,,
01077010100-23-23,01077010100-23,1061885,01077010100,23,2,1,1,0,,
01077010100-24-24,01077010100-24,1173319,01077010100,20,2,1,1,0,,802734582
01077010100-25-25,01077010100-25,1023798,01077010100,21,1,1,1,0,,
01077010100-26-26,01077010100-26,189786,01077010100,24,1,1,1,0,,133748129
01077010100-27-27,01077010100-27,126976,01077010100,24,1,1,1,0,,
01077010100-28-28,01077010100-28,1240011,01077010100,21,2,1,1,0,,
01077010100-29-29,01077010100-29,1175896,01077010100,20,1,1,1,0,,
01077010100-30-30,01077010100-30,204495,01077010100,22,1,1,1,0,,513756080
01077010100-31-31,01077010100-31,742272,01077010100,25,2,1,1,0,,
01077010100-32-32,01077010100-32,794140,01077010100,25,2,1,1,0,,
01077010100-33-33,01077010100-33,1271409,01077010100,34,2,1,1,0,,
01077010100-34-34,01077010100-34,252109,01077010100,31,1,1,1,0,,133768804
01077010100-35-35,01077010100-35,731009,01077010100,33,2,1,1,0,,232537381
01077010100-36-36,01077010100-36,993559,01077010100,26,1,1,1,0,,
01077010100-37-37,01077010100-37,379458,01077010100,25,2,1,1,0,,
01077010100-38-38,01077010100-38,1072252,01077010100,28,2,1,1,0,,
01077010100-39-39,01077010100-39,1038364,01077010100,28,1,1,1,0,,133760397
01077010100-40-40,01077010100-40,1306079,01077010100,41,1,1,1,0,,133760835
01077010100-41-41,01077010100-41,1155414,01077010100,42,2,1,1,0,,
01077010100-42-42,01077010100-42,239451,01077010100,48,1,1,1,0,,
01077010100-43-43,01077010100-43,847287,01077010100,52,1,1,1,0,,
01077010100-44-44,01077010100-44,1266413,01077010100,52,1,1,1,0,,416272102
01077010100-45-45,01077010100-45,521140,01077010100,49,2,1,1,0,,
01077010100-46-46,01077010100-46,476815,01077010100,54,1,1,1,0,,200030872
01077010100-47-47,01077010100-47,973450,01077010100,52,2,1,1,0,,
01077010100-48-48,01077010100-48,749548,01077010100,47,2,1,1,0,,
01077010100-49-49,01077010100-49,1406727,01077010100,50,2,1,1,0,,
01077010100-50-50,01077010100-50,729823,01077010100,49,2,1,1,0,,
01077010100-51-51,01077010100-51,646905,01077010100,47,2,1,1,0,,
01077010100-52-52,01077010100-52,1300742,01077010100,48,2,1,1,0,,
01077010100-53-53,01077010100-53,1413714,01077010100,59,2,1,1,0,,
01077010100-54-54,01077010100-54,609513,01077010100,56,1,1,1,0,,
01077010100-55-55,01077010100-55,736351,01077010100,60,2,1,1,0,,
01077010100-56-56,01077010100-56,1390644,01077010100,62,1,1,1,0,,
01077010100-57-57,01077010100-57,302195,01077010100,63,2,1,1,0,,
01077010100-58-58,01077010100-58,916497,01077010100,61,1,1,1,0,,
01077010100-59-59,01077010100-59,545722,01077010100,61,1,1,1,0,,
01077010100-60-60,01077010100-60,805438,01077010100,60,2,1,1,0,,967946393
01077010100-61-61,01077010100-61,850761,01077010100,63,1,1,1,0,,664186749
01077010100-62-62,01077010100-62,1270664,01077010100,64,2,1,1,0,,
01077010100-63-63,01077010100-63,137172,01077010100,64,2,1,1,0,,
01077010100-64-64,01077010100-64,716937,01077010100,69,2,1,1,0,,
01077010100-65-65,01077010100-65,1045260,01077010100,67,1,1,1,0,,
01077010100-66-66,01077010100-66,503650,01077010100,67,2,1,1,0,,
01077010100-67-67,01077010100-67,235644,01077010100,68,2,1,1,0,,
01077010100-68-68,01077010100-68,541473,01077010100,65,2,1,1,0,,
01077010100-69-69,01077010100-69,62373,01077010100,70,2,1,1,0,,
01077010100-70-70,01077010100-70,652043,01077010100,82,1,1,1,0,,
01077010100-71-71,01077010100-71,944,01077010100,88,2,1,1,0,,
01077010100-72-72,01077010100-72,271770,01077010100,86,2,1,1,0,,133751859
01077010100-73-73,01077010100-73,374090,01077010100,87,2,1,1,0,,
01077010100-74-74,01077010100-74,62692,01077010100,22,2,2,1,0,,
01077010100-75-75,01077010100-75,1404018,01077010100,22,1,2,1,0,,
01077010100-76-76,01077010100-76,1274338,01077010100,51,2,2,1,0,,
01077010100-77-77,01077010100-77,858565,01077010100,24,1,2,1,0,,
01077010100-78-78,01077010100-78,141485,01077010100,23,2,2,1,0,,
01077010100-79-79,01077010100-79,1404018,01077010100,22,1,2,1,0,,
01077010100-80-80,01077010100-80,333400,01077010100,23,1,2,1,0,,
01077010100-81-81,01077010100-81,494896,01077010100,21,2,2,1,0,,
01077010100-82-82,01077010100-82,1039194,01077010100,22,1,2,1,0,,
01077010100-83-83,01077010100-83,494896,01077010100,21,2,2,1,0,,
01077010100-84-84,01077010100-84,1013789,01077010100,24,2,2,1,0,,599402062
01077010100-85-85,01077010100-85,858565,01077010100,24,1,2,1,0,,
01077010100-86-86,01077010100-86,1378057,01077010100,20,2,2,1,0,,
01077010100-87-87,01077010100-87,928022,01077010100,24,1,2,1,0,,378027908
01077010100-88-88,01077010100-88,1197989,01077010100,21,2,2,1,0,,6174676
01077010100-89-89,01077010100-89,867190,01077010100,25,1,2,1,0,,133745265
01077010100-90-90,01077010100-90,646897,01077010100,34,1,2,1,0,,
01077010100-91-91,01077010100-91,1391899,01077010100,32,2,2,1,0,,
01077010100-92-92,01077010100-92,1392659,01077010100,34,1,2,1,0,,
01077010100-93-93,01077010100-93,1292520,01077010100,32,1,2,1,0,,
01077010100-94-94,01077010100-94,940222,01077010100,26,1,2,1,0,,
01077010100-95-95,01077010100-95,646897,01077010100,34,1,2,1,0,,
01077010100-96-96,01077010100-96,1292520,01077010100,32,1,2,1,0,,
01077010100-97-97,01077010100-97,1076033,01077010100,29,1,2,1,0,,
01077010100-98-98,01077010100-98,643535,01077010100,42,1,2,1,0,,133754762
01077010100-99-99,01077010100-99,856745,01077010100,53,2,2,1,0,,
01077010100-100-100,01077010100-100,74803,01077010100,51,2,2,1,0,,
01077010100-101-101,01077010100-101,1116327,01077010100,47,2,2,1,0,,
01077010100-102-102,01077010100-102,206743,01077010100,53,2,2,1,0,,
01077010100-103-103,01077010100-103,1111484,01077010100,50,2,2,1,0,,
01077010100-104-104,01077010100-104,821036,01077010100,52,1,2,1,0,,
01077010100-105-105,01077010100-105,1364276,01077010100,52,2,2,1,0,,
01077010100-106-106,01077010100-106,61917,01077010100,58,2,2,1,0,,
01077010100-107-107,01077010100-107,898315,01077010100,55,2,2,1,0,,
01077010100-108-108,01077010100-108,634474,01077010100,61,1,2,1,0,,
01077010100-109-109,01077010100-109,435187,01077010100,61,1,2,1,0,,
01077010100-110-110,01077010100-110,554404,01077010100,62,2,2,1,0,,
01077010100-111-111,01077010100-111,203963,01077010100,62,2,2,1,0,,
01077010100-112-112,01077010100-112,1049774,01077010100,61,1,2,1,0,,
01077010100-113-113,01077010100-113,173974,01077010100,72,1,2,1,0,,
01077010100-114-114,01077010100-114,475481,01077010100,67,2,2,1,0,,
01077010100-115-115,01077010100-115,1379473,01077010100,68,1,2,1,0,,
01077010100-116-116,01077010100-116,385677,01077010100,87,2,2,1,0,,
01077010100-117-117,01077010100-117,650469,01077010100,93,2,2,1,0,,
01077010100-118-118,01077010100-118,1105056,01077010100,20,1,6,1,0,,420243149
01077010100-119-119,01077010100-119,1105056,01077010100,20,1,6,1,0,,927922682
01077010100-120-120,01077010100-120,284783,01077010100,22,1,6,1,0,,
01077010100-121-121,01077010100-121,1105056,01077010100,20,1,6,1,0,,803507698
01077010100-122-122,01077010100-122,284783,01077010100,22,1,6,1,0,,
01077010100-123-123,01077010100-123,284783,01077010100,22,1,6,1,0,,
01077010100-124-124,01077010100-124,284783,01077010100,22,1,6,1,0,,
01077010100-125-125,01077010100-125,284783,01077010100,22,1,6,1,0,,
01077010100-126-126,01077010100-126,284783,01077010100,22,1,6,1,0,,
01077010100-127-127,01077010100-127,284783,01077010100,22,1,6,1,0,,
01077010100-128-128,01077010100-128,689985,01077010100,26,2,6,1,0,,
01077010100-129-129,01077010100-129,689985,01077010100,26,2,6,1,0,,
01077010100-130-130,01077010100-130,689985,01077010100,26,2,6,1,0,,
01077010100-131-131,01077010100-131,742505,01077010100,49,1,6,1,0,,133752329
01077010100-132-132,01077010100-132,464440,01077010100,22,2,1,1,0,,927924506
01077010100-133-133,01077010100-133,1432878,01077010100,22,1,1,1,0,,967947441
01077010100-134-134,01077010100-134,1056873,01077010100,21,2,1,1,0,,133748020
01077010100-135-135,01077010100-135,1056873,01077010100,21,2,1,1,0,,511864258
01077010100-136-136,01077010100-136,464440,01077010100,22,2,1,1,0,,250695160
01077010100-137-137,01077010100-137,159678,01077010100,17,2,1,1,0,,599402716
01077010100-138-138,01077010100-138,71504,01077010100,22,1,1,1,0,,599394434
01077010100-139-139,01077010100-139,746700,01077010100,23,2,1,1,0,,420244790
01077010100-140-140,01077010100-140,159678,01077010100,17,2,1,1,0,,420244303
01077010100-141-141,01077010100-141,159678,01077010100,17,2,1,1,0,,534845649
01077010100-142-142,01077010100-142,159678,01077010100,17,2,1,1,0,,666988704
01077010100-143-143,01077010100-143,1189344,01077010100,25,2,1,1,0,,456272004
01077010100-144-144,01077010100-144,538842,01077010100,34,2,1,1,0,,
01077010100-145-145,01077010100-145,789648,01077010100,31,1,1,1,0,,420243230
01077010100-146-146,01077010100-146,1189344,01077010100,25,2,1,1,0,,378028435
01077010100-147-147,01077010100-147,1162002,01077010100,64,1,1,1,0,,
01077010100-148-148,01077010100-148,1064359,01077010100,47,1,1,1,0,,
01077010100-149-149,01077010100-149,1064359,01077010100,47,1,1,1,0,,
01077010100-150-150,01077010100-150,1085111,01077010100,53,1,1,1,0,,
01077010100-151-151,01077010100-151,66772,01077010100,48,2,1,1,0,,
01077010100-152-152,01077010100-152,1408315,01077010100,45,2,1,1,0,,250695160
01077010100-153-153,01077010100-153,1001168,01077010100,57,1,1,1,0,,
01077010100-154-154,01077010100-154,163581,01077010100,63,1,1,1,0,,
01077010100-155-155,01077010100-155,384290,01077010100,64,2,1,1,0,,
01077010100-156-156,01077010100-156,959771,01077010100,64,2,1,1,0,,
01077010100-157-157,01077010100-157,59561,01077010100,60,1,1,1,0,,803488592
01077010100-158-158,01077010100-158,1259509,01077010100,61,2,1,1,0,,
01077010100-159-159,01077010100-159,524130,01077010100,67,1,1,1,0,,
01077010100-160-160,01077010100-160,1305843,01077010100,72,2,1,1,0,,
01077010100-161-161,01077010100-161,202865,01077010100,72,2,1,1,0,,
01077010100-162-162,01077010100-162,1294655,01077010100,72,1,1,1,0,,
01077010100-163-163,01077010100-163,453233,01077010100,72,2,1,1,0,,
01077010100-164-164,01077010100-164,218966,01077010100,77,2,1,1,0,,
01077010100-165-165,01077010100-165,120815,01077010100,87,2,1,1,0,,
01077010100-166-166,01077010100-166,1162783,01077010100,93,2,1,1,0,,
01077010100-167-167,01077010100-167,821327,01077010100,93,2,1,1,0,,
01077010100-168-168,01077010100-168,538695,01077010100,23,1,2,1,0,,688956457
01077010100-169-169,01077010100-169,624872,01077010100,21,1,2,1,0,,250693728
01077010100-170-170,01077010100-170,1227425,01077010100,24,1,2,1,0,,133755777
01077010100-171-171,01077010100-171,624872,01077010100,21,1,2,1,0,,892473034
01077010100-172-172,01077010100-172,973335,01077010100,27,1,2,1,0,,
01077010100-173-173,01077010100-173,287913,01077010100,28,2,2,1,0,,
01077010100-174-174,01077010100-174,248261,01077010100,30,2,2,1,0,,661585117
01077010100-175-175,01077010100-175,1101557,01077010100,53,2,2,1,0,,303756407
01077010100-176-176,01077010100-176,912807,01077010100,51,1,2,1,0,,
01077010100-177-177,01077010100-177,221158,01077010100,56,2,2,1,0,,
01077010100-178-178,01077010100-178,1264179,01077010100,62,2,2,1,0,,
01077010100-179-179,01077010100-179,612586,01077010100,60,2,2,1,0,,
01077010100-180-180,01077010100-180,437057,01077010100,61,2,2,1,0,,
01077010100-181-181,01077010100-181,645768,01077010100,67,2,2,1,0,,
01077010100-182-182,01077010100-182,157785,01077010100,68,2,2,1,0,,456272939
01077010100-183-183,01077010100-183,110063,01077010100,85,2,2,1,0,,
01077010100-184-184,01077010100-184,917117,01077010100,25,2,6,1,0,,133760181
01077010100-185-185,01077010100-185,917117,01077010100,25,2,6,1,0,,803511252
01077010100-186-186,01077010100-186,1348225,01077010100,54,1,6,1,0,,316428606
01077010100-187-187,01077010100-187,586397,01077010100,22,1,1,1,0,,545024309
01077010100-188-188,01077010100-188,984325,01077010100,23,1,1,1,0,,133750828
01077010100-189-189,01077010100-189,651145,01077010100,24,2,1,1,0,,997143318
01077010100-190-190,01077010100-190,880746,01077010100,22,2,1,1,0,,
01077010100-191-191,01077010100-191,1215056,01077010100,22,2,1,1,0,,599400173
01077010100-192-192,01077010100-192,1472842,01077010100,23,1,1,1,0,,
01077010100-193-193,01077010100-193,1313866,01077010100,22,1,1,1,0,,967946195
01077010100-194-194,01077010100-194,930107,01077010100,22,1,1,1,0,,997143318
01077010100-195-195,01077010100-195,194078,01077010100,22,1,1,1,0,,513757518
01077010100-196-196,01077010100-196,880746,01077010100,22,2,1,1,0,,
01077010100-197-197,01077010100-197,472895,01077010100,23,2,1,1,0,,
01077010100-198-198,01077010100-198,5855,01077010100,23,1,1,1,0,,133748269
01077010100-199-199,01077010100-199,781429,01077010100,24,2,1,1,0,,133761122
01077010100-200-200,01077010100-200,680483,01077010100,24,1,1,1,0,,399317429
01077010100-201-201,01077010100-201,722471,01077010100,23,1,1,1,0,,
01077010100-202-202,01077010100-202,171371,01077010100,23,1,1,1,0,,309198828
01077010100-203-203,01077010100-203,347365,01077010100,32,1,1,1,0,,631830585
01077010100-204-204,01077010100-204,532179,01077010100,30,1,1,1,0,,5440276
01077010100-205-205,01077010100-205,983134,01077010100,26,1,1,1,0,,226523421
01077010100-206-206,01077010100-206,494757,01077010100,28,2,1,1,0,,886694330
01077010100-207-207,01077010100-207,347365,01077010100,32,1,1,1,0,,967947953
01077010100-208-208,01077010100-208,241165,01077010100,34,2,1,1,0,,364729962
01077010100-209-209,01077010100-209,494757,01077010100,28,2,1,1,0,,997143318
01077010100-210-210,01077010100-210,505614,01077010100,25,2,1,1,0,,372019372
01077010100-211-211,01077010100-211,1359053,01077010100,25,2,1,1,0,,632207155
01077010100-212-212,01077010100-212,505614,01077010100,25,2,1,1,0,,803520097
01077010100-213-213,01077010100-213,1209062,01077010100,32,2,1,1,0,,396240194
01077010100-214-214,01077010100-214,791564,01077010100,42,2,1,1,0,,420244790
01077010100-215-215,01077010100-215,30734,01077010100,53,1,1,1,0,,133753822
01077010100-216-216,01077010100-216,264148,01077010100,48,1,1,1,0,,
01077010100-217-217,01077010100-217,1248853,01077010100,49,2,1,1,0,,133749218
01077010100-218-218,01077010100-218,153410,01077010100,52,1,1,1,0,,
01077010100-219-219,01077010100-219,1125902,01077010100,51,2,1,1,0,,803522044
01077010100-220-220,01077010100-220,819410,01077010100,49,1,1,1,0,,803518570
01077010100-221-221,01077010100-221,202442,01077010100,53,1,1,1,0,,635631
01077010100-222-222,01077010100-222,937850,01077010100,48,2,1,1,0,,316428606
01077010100-223-223,01077010100-223,644765,01077010100,50,2,1,1,0,,133751412
01077010100-224-224,01077010100-224,569973,01077010100,56,1,1,1,0,,
01077010100-225-225,01077010100-225,836780,01077010100,58,1,1,1,0,,
01077010100-226-226,01077010100-226,684225,01077010100,60,1,1,1,0,,
01077010100-227-227,01077010100-227,1155726,01077010100,64,2,1,1,0,,
01077010100-228-228,01077010100-228,1131973,01077010100,61,2,1,1,0,,675096754
01077010100-229-229,01077010100-229,1034226,01077010100,63,2,1,1,0,,
01077010100-230-230,01077010100-230,324069,01077010100,61,2,1,1,0,,
01077010100-231-231,01077010100-231,921119,01077010100,60,1,1,1,0,,
01077010100-232-232,01077010100-232,881365,01077010100,72,2,1,1,0,,
01077010100-233-233,01077010100-233,944158,01077010100,73,2,1,1,0,,
01077010100-234-234,01077010100-234,679058,01077010100,70,1,1,1,0,,
01077010100-235-235,01077010100-235,101101,01077010100,69,2,1,1,0,,
01077010100-236-236,01077010100-236,1050767,01077010100,66,2,1,1,0,,
01077010100-237-237,01077010100-237,445089,01077010100,66,1,1,1,0,,
01077010100-238-238,01077010100-238,562636,01077010100,73,1,1,1,0,,
01077010100-239-239,01077010100-239,1116243,01077010100,66,1,1,1,0,,
01077010100-240-240,01077010100-240,981790,01077010100,72,2,1,1,0,,
01077010100-241-241,01077010100-241,1047868,01077010100,76,2,1,1,0,,
01077010100-242-242,01077010100-242,1146017,01077010100,88,2,1,1,0,,
01077010100-243-243,01077010100-243,356786,01077010100,93,1,1,1,0,,
01077010100-244-244,01077010100-244,152564,01077010100,93,1,1,1,0,,
01077010100-245-245,01077010100-245,564842,01077010100,93,2,1,1,0,,
01077010100-246-246,01077010100-246,231939,01077010100,93,2,1,1,0,,
01077010100-247-247,01077010100-247,1389976,01077010100,22,2,2,1,0,,204617500
01077010100-248-248,01077010100-248,17834,01077010100,24,1,2,1,0,,886694330
01077010100-249-249,01077010100-249,1099379,01077010100,24,2,2,1,0,,574675104
01077010100-250-250,01077010100-250,466173,01077010100,23,2,2,1,0,,574676110
01077010100-251-251,01077010100-251,931676,01077010100,26,1,2,1,0,,
01077010100-252-252,01077010100-252,371278,01077010100,32,2,2,1,0,,420248007
01077010100-253-253,01077010100-253,621850,01077010100,27,1,2,1,0,,208974717
01077010100-254-254,01077010100-254,879647,01077010100,33,1,2,1,0,,401889290
01077010100-255-255,01077010100-255,714552,01077010100,30,1,2,1,0,,495961179
01077010100-256-256,01077010100-256,867120,01077010100,45,1,2,1,0,,803500891
01077010100-257-257,01077010100-257,1165538,01077010100,48,1,2,1,0,,495971152
01077010100-258-258,01077010100-258,1008594,01077010100,49,1,2,1,0,010201000767,
01077010100-259-259,01077010100-259,1116732,01077010100,46,2,2,1,0,,688956366
01077010100-260-260,01077010100-260,1353414,01077010100,54,1,2,1,0,,133752329
01077010100-261-261,01077010100-261,766282,01077010100,59,2,2,1,0,,666842166
01077010100-262-262,01077010100-262,1184943,01077010100,64,1,2,1,0,,
01077010100-263-263,01077010100-263,364555,01077010100,62,1,2,1,0,,
01077010100-264-264,01077010100-264,350537,01077010100,64,2,2,1,0,,
01077010100-265-265,01077010100-265,337694,01077010100,66,2,2,1,0,,
01077010100-266-266,01077010100-266,1072609,01077010100,67,1,2,1,0,,
01077010100-267-267,01077010100-267,963865,01077010100,93,1,2,1,0,,
01077010100-268-268,01077010100-268,445482,01077010100,30,1,6,1,0,,987560364
01077010100-269-269,01077010100-269,445482,01077010100,30,1,6,1,0,,401889282
01077010100-270-270,01077010100-270,445482,01077010100,30,1,6,1,0,,666691811
01077010100-271-271,01077010100-271,1442459,01077010100,51,2,6,1,0,,
01077010100-272-272,01077010100-272,1417988,01077010100,23,1,1,1,0,,495960015
01077010100-273-273,01077010100-273,14259,01077010100,24,2,1,1,0,,378027585
01077010100-274-274,01077010100-274,611593,01077010100,19,1,1,1,0,,545026379
01077010100-275-275,01077010100-275,714065,01077010100,31,1,1,1,0,,133757203
01077010100-276-276,01077010100-276,240022,01077010100,26,2,1,1,0,,608364543
01077010100-277-277,01077010100-277,639675,01077010100,33,1,1,1,0,,495962847
01077010100-278-278,01077010100-278,1303957,01077010100,26,1,1,1,0,,400211985
01077010100-279-279,01077010100-279,457876,01077010100,32,2,1,1,0,,4411765
01077010100-280-280,01077010100-280,381997,01077010100,32,2,1,1,0,,456273036
01077010100-281-281,01077010100-281,432096,01077010100,43,1,1,1,0,,401889050
01077010100-282-282,01077010100-282,593519,01077010100,49,1,1,1,0,,232537381
01077010100-283-283,01077010100-283,1448739,01077010100,49,1,1,1,0,,803517028
01077010100-284-284,01077010100-284,1037734,01077010100,51,2,1,1,0,,635631
01077010100-285-285,01077010100-285,1441459,01077010100,62,2,1,1,0,,
01077010100-286-286,01077010100-286,702803,01077010100,60,1,1,1,0,,316428614
01077010100-287-287,01077010100-287,1108066,01077010100,72,1,1,1,0,,
01077010100-288-288,01077010100-288,1190288,01077010100,74,2,1,1,0,,
01077010100-289-289,01077010100-289,1241304,01077010100,87,2,1,1,0,,
01077010100-290-290,01077010100-290,905780,01077010100,24,1,2,1,0,,401888920
01077010100-291-291,01077010100-291,1331959,01077010100,29,2,2,1,0,,987557949
01077010100-292-292,01077010100-292,746431,01077010100,33,1,2,1,0,,
01077010100-293-293,01077010100-293,336028,01077010100,46,1,2,1,0,,544997844
01077010100-294-294,01077010100-294,597540,01077010100,31,2,6,1,0,,607146461
01077010100-295-295,01077010100-295,1181038,01077010100,24,1,1,1,0,,251529574
01077010100-296-296,01077010100-296,1088325,01077010100,32,1,1,1,0,,997143318
01077010100-297-297,01077010100-297,1150818,01077010100,26,1,1,1,0,,368393898
01077010100-298-298,01077010100-298,1429986,01077010100,50,1,1,1,0,,608365193
01077010100-299-299,01077010100-299,771170,01077010100,61,2,1,1,0,,
01077010100-300-300,01077010100-300,610489,01077010100,70,1,1,1,0,,
01077010100-301-301,01077010100-301,573167,01077010100,29,1,2,1,0,,927924431
01077010100-302-302,01077010100-302,1315450,01077010100,24,1,1,1,0,,390426971
01077010100-303-303,01077010100-303,1315450,01077010100,24,1,1,1,0,,711965574
01077010100-304-304,01077010100-304,175113,01077010100,31,1,1,1,0,,802690420
01077010100-305-305,01077010100-305,1171816,01077010100,28,1,1,1,0,,5440276
01077010100-306-306,01077010100-306,1439351,01077010100,31,1,1,1,0,,420244808
01077010100-307-307,01077010100-307,220568,01077010100,25,1,1,1,0,,666988704
01077010100-308-308,01077010100-308,1143170,01077010100,29,1,1,1,0,,200030872
01077010100-309-309,01077010100-309,1424693,01077010100,29,2,1,1,0,,312803877
01077010100-310-310,01077010100-310,132769,01077010100,29,1,1,1,0,,5440276
01077010100-311-311,01077010100-311,1301113,01077010100,33,1,1,1,0,,599396439
01077010100-312-312,01077010100-312,1275274,01077010100,36,1,1,1,0,,313273195
01077010100-313-313,01077010100-313,678839,01077010100,48,1,1,1,0,,574680005
01077010100-314-314,01077010100-314,686737,01077010100,54,1,1,1,0,,367420478
01077010100-315-315,01077010100-315,1387212,01077010100,47,2,1,1,0,,987560745
01077010100-316-316,01077010100-316,130828,01077010100,45,1,1,1,0,,803522689
01077010100-317-317,01077010100-317,1490740,01077010100,45,1,1,1,0,,574675104
01077010100-318-318,01077010100-318,730738,01077010100,56,1,1,1,0,,310871199
01077010100-319-319,01077010100-319,190143,01077010100,61,1,1,1,0,,495961427
01077010100-320-320,01077010100-320,970899,01077010100,63,2,1,1,0,,475159166
01077010100-321-321,01077010100-321,314753,01077010100,61,2,1,1,0,,5440276
01077010100-322-322,01077010100-322,964772,01077010100,67,2,1,1,0,,378027908
01077010100-323-323,01077010100-323,293536,01077010100,71,2,1,1,0,,359110178
01077010100-324-324,01077010100-324,1227321,01077010100,85,1,1,1,0,,
01077010100-325-325,01077010100-325,628336,01077010100,25,1,2,1,0,,644087678
01077010100-326-326,01077010100-326,242267,01077010100,52,2,2,1,0,,260206263
01077010100-327-327,01077010100-327,1281990,01077010100,64,1,2,1,0,,688956366
01077010100-328-328,01077010100-328,782047,01077010100,29,1,6,1,0,,247688831
01077010100-329-329,01077010100-329,1071413,01077010100,26,1,6,1,0,,401889340
01077010100-330-330,01077010100-330,782047,01077010100,29,1,6,1,0,,133757468
01077010100-331-331,01077010100-331,1368283,01077010100,34,1,6,1,0,,133753772
01077010100-332-332,01077010100-332,397754,01077010100,19,2,1,1,0,,
01077010100-332-333,01077010100-332,397754,01077010100,21,1,1,2,13,,
01077010100-333-334,01077010100-333,707712,01077010100,20,1,1,1,0,,
01077010100-333-335,01077010100-333,707712,01077010100,20,1,1,2,12,,
01077010100-334-336,01077010100-334,1485481,01077010100,20,2,1,1,0,,
01077010100-334-337,01077010100-334,1485481,01077010100,19,2,1,2,12,,
01077010100-335-338,01077010100-335,1271790,01077010100,21,1,1,1,0,,
01077010100-335-339,01077010100-335,1271790,01077010100,19,1,1,2,12,,
01077010100-336-340,01077010100-336,554393,01077010100,21,1,1,1,0,,
01077010100-336-341,01077010100-336,554393,01077010100,21,2,1,2,1,,
01077010100-337-342,01077010100-337,1437307,01077010100,20,1,1,1,0,,133758631
01077010100-337-343,01077010100-337,1437307,01077010100,20,1,1,2,5,,133747519
01077010100-338-344,01077010100-338,1003990,01077010100,19,2,1,1,0,,133750448
01077010100-338-345,01077010100-338,1003990,01077010100,41,1,1,2,1,,
01077010100-339-346,01077010100-339,1437307,01077010100,20,1,1,1,0,,803522689
01077010100-339-347,01077010100-339,1437307,01077010100,20,1,1,2,5,,803488345
01077010100-340-348,01077010100-340,891653,01077010100,21,2,1,1,0,,629673088
01077010100-340-349,01077010100-340,891653,01077010100,22,2,1,2,12,,456273036
01077010100-341-350,01077010100-341,620237,01077010100,23,2,1,1,0,,
01077010100-341-351,01077010100-341,620237,01077010100,1,1,1,2,2,,
01077010100-342-352,01077010100-342,987677,01077010100,23,2,1,1,0,,316428606
01077010100-342-353,01077010100-342,987677,01077010100,23,2,1,2,12,,
01077010100-343-354,01077010100-343,780528,01077010100,20,1,1,1,0,,688956366
01077010100-343-355,01077010100-343,780528,01077010100,18,2,1,2,13,,
01077010100-344-356,01077010100-344,1207510,01077010100,22,1,1,1,0,,
01077010100-344-357,01077010100-344,1207510,01077010100,22,1,1,2,12,,
01077010100-345-358,01077010100-345,926301,01077010100,22,2,1,1,0,,
01077010100-345-359,01077010100-345,926301,01077010100,3,2,1,2,2,,
01077010100-346-360,01077010100-346,554393,01077010100,21,1,1,1,0,,
01077010100-346-361,01077010100-346,554393,01077010100,21,2,1,2,1,,
01077010100-347-362,01077010100-347,1120555,01077010100,18,1,1,1,0,,
01077010100-347-363,01077010100-347,1120555,01077010100,18,1,1,2,12,,
01077010100-348-364,01077010100-348,1359309,01077010100,27,2,1,1,0,,
01077010100-348-365,01077010100-348,1359309,01077010100,11,2,1,2,2,010201000770,
01077010100-349-366,01077010100-349,796088,01077010100,25,1,1,1,0,,
01077010100-349-367,01077010100-349,796088,01077010100,24,2,1,2,1,,
01077010100-350-368,01077010100-350,364710,01077010100,33,2,1,1,0,,
01077010100-350-369,01077010100-350,364710,01077010100,14,2,1,2,2,010201000767,
01077010100-351-370,01077010100-351,603957,01077010100,27,2,1,1,0,,
01077010100-351-371,01077010100-351,603957,01077010100,1,1,1,2,2,,
01077010100-352-372,01077010100-352,1441010,01077010100,41,1,1,1,0,,133751644
01077010100-352-373,01077010100-352,1441010,01077010100,55,2,1,2,12,,
01077010100-353-374,01077010100-353,548757,01077010100,52,2,1,1,0,,701015604
01077010100-353-375,01077010100-353,548757,01077010100,16,1,1,2,7,00000973,
01077010100-354-376,01077010100-354,367290,01077010100,50,2,1,1,0,,
01077010100-354-377,01077010100-354,367290,01077010100,18,2,1,2,2,,
01077010100-355-378,01077010100-355,171611,01077010100,51,1,1,1,0,,
01077010100-355-379,01077010100-355,171611,01077010100,46,2,1,2,13,,
01077010100-356-380,01077010100-356,105339,01077010100,55,1,1,1,0,,
01077010100-356-381,01077010100-356,105339,01077010100,8,1,1,2,3,010201000765,
01077010100-357-382,01077010100-357,1404124,01077010100,56,1,1,1,0,,
01077010100-357-383,01077010100-357,1404124,01077010100,54,2,1,2,1,,
01077010100-358-384,01077010100-358,109628,01077010100,56,2,1,1,0,,
01077010100-358-385,01077010100-358,109628,01077010100,34,2,1,2,2,,
01077010100-359-386,01077010100-359,82180,01077010100,60,1,1,1,0,,
01077010100-359-387,01077010100-359,82180,01077010100,59,2,1,2,1,,
01077010100-360-388,01077010100-360,922865,01077010100,70,1,1,1,0,,
01077010100-360-389,01077010100-360,922865,01077010100,67,2,1,2,1,,
01077010100-361-390,01077010100-361,164008,01077010100,24,2,2,1,0,,
01077010100-361-391,01077010100-361,164008,01077010100,1,1,2,2,2,,
01077010100-362-392,01077010100-362,906018,01077010100,24,2,2,1,0,,
01077010100-362-393,01077010100-362,906018,01077010100,4,1,2,2,2,010201000772,
01077010100-363-394,01077010100-363,1244507,01077010100,19,2,2,1,0,,
01077010100-363-395,01077010100-363,1244507,01077010100,2,2,2,2,2,,
01077010100-364-396,01077010100-364,312647,01077010100,48,2,2,1,0,,
01077010100-364-397,01077010100-364,312647,01077010100,5,2,2,2,7,010201000766,
01077010100-365-398,01077010100-365,60176,01077010100,18,2,2,1,0,,
01077010100-365-399,01077010100-365,60176,01077010100,18,2,2,2,12,,
01077010100-366-400,01077010100-366,164008,01077010100,24,2,2,1,0,,
01077010100-366-401,01077010100-366,164008,01077010100,1,1,2,2,2,,
01077010100-367-402,01077010100-367,499675,01077010100,26,2,2,1,0,,
01077010100-367-403,01077010100-367,499675,01077010100,5,1,2,2,2,010153000534,
01077010100-368-404,01077010100-368,130924,01077010100,25,2,2,1,0,,
01077010100-368-405,01077010100-368,130924,01077010100,45,1,2,2,13,,
01077010100-369-406,01077010100-369,873253,01077010100,26,2,2,1,0,,
01077010100-369-407,01077010100-369,873253,01077010100,7,2,2,2,2,010201000765,
01077010100-370-408,01077010100-370,388607,01077010100,29,2,2,1,0,,
01077010100-370-409,01077010100-370,388607,01077010100,8,2,2,2,2,010153000534,
01077010100-371-410,01077010100-371,12245,01077010100,41,1,2,1,0,,
01077010100-371-411,01077010100-371,12245,01077010100,15,1,2,2,2,010201000767,
01077010100-372-412,01077010100-372,546220,01077010100,49,2,2,1,0,,378029391
01077010100-372-413,01077010100-372,546220,01077010100,15,1,2,2,2,010201000765,
01077010100-373-414,01077010100-373,604400,01077010100,46,1,2,1,0,,
01077010100-373-415,01077010100-373,604400,01077010100,56,1,2,2,5,,
01077010100-374-416,01077010100-374,585117,01077010100,52,2,2,1,0,,
01077010100-374-417,01077010100-374,585117,01077010100,29,1,2,2,2,,
01077010100-375-418,01077010100-375,395336,01077010100,24,1,6,1,0,,
01077010100-375-419,01077010100-375,395336,01077010100,29,1,6,2,15,,
01077010100-376-420,01077010100-376,395336,01077010100,24,1,6,1,0,,
01077010100-376-421,01077010100-376,395336,01077010100,29,1,6,2,15,,
01077010100-377-422,01077010100-377,1105056,01077010100,20,1,6,1,0,,314267931
01077010100-378-423,01077010100-378,395336,01077010100,24,1,6,1,0,,
01077010100-378-424,01077010100-378,395336,01077010100,29,1,6,2,15,,
01077010100-379-425,01077010100-379,772576,01077010100,32,1,6,1,0,,133747139
01077010100-379-426,01077010100-379,772576,01077010100,31,2,6,2,1,,
01077010100-380-427,01077010100-380,932557,01077010100,20,2,1,1,0,,
01077010100-380-428,01077010100-380,932557,01077010100,25,1,9,2,13,,401889290
01077010100-381-429,01077010100-381,583112,01077010100,21,2,1,1,0,,261654719
01077010100-381-430,01077010100-381,583112,01077010100,22,1,1,2,13,,456275031
01077010100-382-431,01077010100-382,234577,01077010100,23,2,1,1,0,,133752832
01077010100-382-432,01077010100-382,234577,01077010100,0,2,1,2,2,,
01077010100-383-433,01077010100-383,932557,01077010100,20,2,1,1,0,,
01077010100-383-434,01077010100-383,932557,01077010100,25,1,9,2,13,,308028117
01077010100-384-435,01077010100-384,993663,01077010100,20,2,1,1,0,,133754820
01077010100-384-436,01077010100-384,993663,01077010100,1,1,1,2,2,,
01077010100-385-437,01077010100-385,468878,01077010100,19,2,1,1,0,,967946690
01077010100-385-438,01077010100-385,468878,01077010100,20,1,1,2,13,,133768069
01077010100-386-439,01077010100-386,462906,01077010100,28,1,1,1,0,,
01077010100-386-440,01077010100-386,462906,01077010100,21,2,1,2,5,,997143318
01077010100-387-441,01077010100-387,1182288,01077010100,25,2,1,1,0,,133768101
01077010100-387-442,01077010100-387,1182288,01077010100,26,2,1,2,12,,
01077010100-388-443,01077010100-388,387322,01077010100,46,1,1,1,0,,
01077010100-388-444,01077010100-388,387322,01077010100,4,1,1,2,2,,
01077010100-389-445,01077010100-389,170447,01077010100,50,2,1,1,0,,
01077010100-389-446,01077010100-389,170447,01077010100,64,1,2,2,1,,
01077010100-390-447,01077010100-390,374187,01077010100,64,1,1,1,0,,
01077010100-390-448,01077010100-390,374187,01077010100,63,2,1,2,1,,
01077010100-391-449,01077010100-391,1355361,01077010100,63,1,1,1,0,,
01077010100-391-450,01077010100-391,1355361,01077010100,42,1,1,2,10,,997143318
01077010100-392-451,01077010100-392,1074058,01077010100,24,2,2,1,0,,
01077010100-392-452,01077010100-392,1074058,01077010100,1,2,2,2,2,,
01077010100-393-453,01077010100-393,16900,01077010100,24,2,2,1,0,,599401197
01077010100-393-454,01077010100-393,16900,01077010100,3,1,2,2,2,,
01077010100-394-455,01077010100-394,1074058,01077010100,24,2,2,1,0,,
01077010100-394-456,01077010100-394,1074058,01077010100,1,2,2,2,2,,
01077010100-395-457,01077010100-395,97779,01077010100,29,2,2,1,0,,997143318
01077010100-395-458,01077010100-395,97779,01077010100,7,2,2,2,2,010201000775,
01077010100-396-459,01077010100-396,1435996,01077010100,34,2,2,1,0,,495961427
01077010100-396-460,01077010100-396,1435996,01077010100,10,1,2,2,2,010201000765,
01077010100-397-461,01077010100-397,1054666,01077010100,52,2,2,1,0,,133758433
01077010100-397-462,01077010100-397,1054666,01077010100,24,1,2,2,2,,
01077010100-398-463,01077010100-398,702108,01077010100,62,1,2,1,0,,
01077010100-398-464,01077010100-398,702108,01077010100,67,2,2,2,1,,
01077010100-399-465,01077010100-399,824576,01077010100,23,2,1,1,0,,886694330
01077010100-399-466,01077010100-399,824576,01077010100,22,1,1,2,1,,967934571
01077010100-400-467,01077010100-400,1243712,01077010100,21,2,1,1,0,,133734129
01077010100-400-468,01077010100-400,1243712,01077010100,22,2,1,2,12,,456273036
01077010100-401-469,01077010100-401,580977,01077010100,22,2,1,1,0,,
01077010100-401-470,01077010100-401,580977,01077010100,28,1,1,2,12,,495971152
01077010100-402-471,01077010100-402,108810,01077010100,21,1,1,1,0,,545023269
01077010100-402-472,01077010100-402,108810,01077010100,19,2,1,2,1,,133750976
01077010100-403-473,01077010100-403,824576,01077010100,23,2,1,1,0,,254881360
01077010100-403-474,01077010100-403,824576,01077010100,22,1,1,2,1,,133753772
01077010100-404-475,01077010100-404,685246,01077010100,23,2,1,1,0,,675099709
01077010100-404-476,01077010100-404,685246,01077010100,23,2,1,2,12,,
01077010100-405-477,01077010100-405,1257814,01077010100,20,2,1,1,0,,
01077010100-405-478,01077010100-405,1257814,01077010100,20,2,1,2,12,,
01077010100-406-479,01077010100-406,479629,01077010100,24,2,1,1,0,,709578892
01077010100-406-480,01077010100-406,479629,01077010100,19,1,1,2,13,,
01077010100-407-481,01077010100-407,844251,01077010100,22,1,1,1,0,,
01077010100-407-482,01077010100-407,844251,01077010100,20,1,1,2,12,,927919324
01077010100-408-483,01077010100-408,1257814,01077010100,20,2,1,1,0,,
01077010100-408-484,01077010100-408,1257814,01077010100,20,2,1,2,12,,
01077010100-409-485,01077010100-409,1486197,01077010100,23,2,1,1,0,,
01077010100-409-486,01077010100-409,1486197,01077010100,29,1,1,2,12,,401889050
01077010100-410-487,01077010100-410,1244627,01077010100,19,2,1,1,0,,803522481
01077010100-410-488,01077010100-410,1244627,01077010100,27,1,1,2,13,,
01077010100-411-489,01077010100-411,528372,01077010100,21,1,1,1,0,,420243164
01077010100-411-490,01077010100-411,528372,01077010100,18,2,1,2,5,,407385848
01077010100-412-491,01077010100-412,241044,01077010100,21,1,1,1,0,,803510387
01077010100-412-492,01077010100-412,241044,01077010100,17,2,1,2,1,010153000528,545026379
01077010100-413-493,01077010100-413,828434,01077010100,24,1,1,1,0,,967945494
01077010100-413-494,01077010100-413,828434,01077010100,25,2,1,2,13,,661197566
01077010100-414-495,01077010100-414,1257814,01077010100,20,2,1,1,0,,
01077010100-414-496,01077010100-414,1257814,01077010100,20,2,1,2,12,,
01077010100-415-497,01077010100-415,1292445,01077010100,31,2,1,1,0,,
01077010100-415-498,01077010100-415,1292445,01077010100,10,2,9,2,2,010201000772,
01077010100-416-499,01077010100-416,68214,01077010100,26,2,1,1,0,,450048756
01077010100-416-500,01077010100-416,68214,01077010100,27,1,1,2,1,,8944084
01077010100-417-501,01077010100-417,444250,01077010100,31,1,1,1,0,,
01077010100-417-502,01077010100-417,444250,01077010100,34,1,2,2,13,,997143318
01077010100-418-503,01077010100-418,1148372,01077010100,34,2,1,1,0,,400391234
01077010100-418-504,01077010100-418,1148372,01077010100,29,1,1,2,13,,688956366
01077010100-419-505,01077010100-419,1263192,01077010100,44,2,1,1,0,,544998081
01077010100-419-506,01077010100-419,1263192,01077010100,18,2,1,2,2,,
01077010100-420-507,01077010100-420,378458,01077010100,52,1,1,1,0,,
01077010100-420-508,01077010100-420,378458,01077010100,21,2,1,2,2,,
01077010100-421-509,01077010100-421,1324959,01077010100,45,1,1,1,0,,133752329
01077010100-421-510,01077010100-421,1324959,01077010100,44,2,1,2,13,,
01077010100-422-511,01077010100-422,1267195,01077010100,45,2,1,1,0,,303756407
01077010100-422-512,01077010100-422,1267195,01077010100,15,2,1,2,2,010201000764,
01077010100-423-513,01077010100-423,218736,01077010100,46,2,1,1,0,,
01077010100-423-514,01077010100-423,218736,01077010100,52,1,1,2,1,,
01077010100-424-515,01077010100-424,1225785,01077010100,57,2,1,1,0,,
01077010100-424-516,01077010100-424,1225785,01077010100,67,2,1,2,5,,
01077010100-425-517,01077010100-425,1182181,01077010100,61,1,1,1,0,,803522689
01077010100-425-518,01077010100-425,1182181,01077010100,62,2,1,2,1,,
01077010100-426-519,01077010100-426,61851,01077010100,64,1,1,1,0,,
01077010100-426-520,01077010100-426,61851,01077010100,64,2,1,2,1,,
01077010100-427-521,01077010100-427,587348,01077010100,63,1,1,1,0,,
01077010100-427-522,01077010100-427,587348,01077010100,57,2,1,2,1,,
01077010100-428-523,01077010100-428,324162,01077010100,65,1,1,1,0,,
01077010100-428-524,01077010100-428,324162,01077010100,60,2,1,2,1,,
01077010100-429-525,01077010100-429,408531,01077010100,68,2,1,1,0,,
01077010100-429-526,01077010100-429,408531,01077010100,41,1,1,2,3,,
01077010100-430-527,01077010100-430,1405576,01077010100,66,2,1,1,0,,
01077010100-430-528,01077010100-430,1405576,01077010100,75,1,1,2,1,,
01077010100-431-529,01077010100-431,1210033,01077010100,67,1,1,1,0,,
01077010100-431-530,01077010100-431,1210033,01077010100,68,2,1,2,1,,
01077010100-432-531,01077010100-432,247227,01077010100,85,2,1,1,0,,
01077010100-432-532,01077010100-432,247227,01077010100,54,1,1,2,2,,
01077010100-433-533,01077010100-433,699030,01077010100,22,2,2,1,0,,133762609
01077010100-433-534,01077010100-433,699030,01077010100,26,2,2,2,12,,545028466
01077010100-434-535,01077010100-434,349378,01077010100,21,2,2,1,0,,133748129
01077010100-434-536,01077010100-434,349378,01077010100,21,2,2,2,5,,967944901
01077010100-435-537,01077010100-435,1491394,01077010100,22,2,2,1,0,,133755777
01077010100-435-538,01077010100-435,1491394,01077010100,3,1,2,2,2,,
01077010100-436-539,01077010100-436,1197280,01077010100,23,2,2,1,0,,987560315
01077010100-436-540,01077010100-436,1197280,01077010100,25,1,2,2,13,,
01077010100-437-541,01077010100-437,20001,01077010100,27,2,2,1,0,,
01077010100-437-542,01077010100-437,20001,01077010100,30,1,2,2,13,,545028524
01077010100-438-543,01077010100-438,305519,01077010100,26,2,2,1,0,,711965574
01077010100-438-544,01077010100-438,305519,01077010100,2,2,9,2,2,,
01077010100-439-545,01077010100-439,783966,01077010100,25,2,2,1,0,,644089013
01077010100-439-546,01077010100-439,783966,01077010100,24,2,2,2,12,,
01077010100-440-547,01077010100-440,551481,01077010100,48,1,2,1,0,,620921494
01077010100-440-548,01077010100-440,551481,01077010100,3,2,2,2,2,,
01077010100-441-549,01077010100-441,651415,01077010100,46,1,2,1,0,,987560364
01077010100-441-550,01077010100-441,651415,01077010100,7,1,2,2,2,010201000775,
01077010100-442-551,01077010100-442,1133811,01077010100,64,2,2,1,0,,608365193
01077010100-442-552,01077010100-442,1133811,01077010100,34,1,2,2,2,,
01077010100-443-553,01077010100-443,1189214,01077010100,66,1,2,1,0,,
01077010100-443-554,01077010100-443,1189214,01077010100,65,2,2,2,1,,
01077010100-444-555,01077010100-444,865753,01077010100,33,2,6,1,0,,
01077010100-444-556,01077010100-444,865753,01077010100,47,1,1,2,1,,
01077010100-445-557,01077010100-445,1216635,01077010100,21,1,1,1,0,,249925660
01077010100-445-558,01077010100-445,1216635,01077010100,21,2,1,2,13,,133762609
01077010100-446-559,01077010100-446,1449851,01077010100,24,1,1,1,0,,401889373
01077010100-446-560,01077010100-446,1449851,01077010100,64,1,1,2,6,,
01077010100-447-561,01077010100-447,1388119,01077010100,20,2,1,1,0,,
01077010100-447-562,01077010100-447,1388119,01077010100,22,1,1,2,13,,250694585
01077010100-448-563,01077010100-448,165855,01077010100,30,1,1,1,0,,
01077010100-448-564,01077010100-448,165855,01077010100,32,1,1,2,5,,803517028
01077010100-449-565,01077010100-449,165855,01077010100,30,1,1,1,0,,
01077010100-449-566,01077010100-449,165855,01077010100,32,1,1,2,5,,312145592
01077010100-450-567,01077010100-450,841674,01077010100,50,2,1,1,0,,675097273
01077010100-450-568,01077010100-450,841674,01077010100,10,2,1,2,2,010201000763,
01077010100-451-569,01077010100-451,252462,01077010100,64,2,1,1,0,,
01077010100-451-570,01077010100-451,252462,01077010100,46,1,1,2,2,,
01077010100-452-571,01077010100-452,262777,01077010100,70,1,1,1,0,,
01077010100-452-572,01077010100-452,262777,01077010100,58,2,1,2,1,,
01077010100-453-573,01077010100-453,616369,01077010100,72,1,1,1,0,,
01077010100-453-574,01077010100-453,616369,01077010100,68,2,1,2,1,,
01077010100-454-575,01077010100-454,1481406,01077010100,22,2,2,1,0,,364729962
01077010100-454-576,01077010100-454,1481406,01077010100,2,1,2,2,2,,
01077010100-455-577,01077010100-455,129258,01077010100,30,2,2,1,0,,358764249
01077010100-455-578,01077010100-455,129258,01077010100,1,2,2,2,2,,
01077010100-456-579,01077010100-456,386006,01077010100,50,2,2,1,0,,677392268
01077010100-456-580,01077010100-456,386006,01077010100,18,1,2,2,2,010153000528,
01077010100-457-581,01077010100-457,217820,01077010100,22,2,1,1,0,,892482464
01077010100-457-582,01077010100-457,217820,01077010100,22,1,1,2,1,,8944993
01077010100-458-583,01077010100-458,1466915,01077010100,34,1,1,1,0,,133759746
01077010100-458-584,01077010100-458,1466915,01077010100,27,2,1,2,1,,250695160
01077010100-459-585,01077010100-459,141813,01077010100,48,1,1,1,0,,997143318
01077010100-459-586,01077010100-459,141813,01077010100,49,2,1,2,1,,712055128
01077010100-460-587,01077010100-460,798160,01077010100,63,2,1,1,0,,513761254
01077010100-460-588,01077010100-460,798160,01077010100,61,2,1,2,5,,997143318
01077010100-461-589,01077010100-461,125923,01077010100,69,2,1,1,0,,
01077010100-461-590,01077010100-461,125923,01077010100,70,1,1,2,1,,
01077010100-462-591,01077010100-462,1121927,01077010100,65,2,1,1,0,,
01077010100-462-592,01077010100-462,1121927,01077010100,64,1,1,2,1,,
01077010100-463-593,01077010100-463,237790,01077010100,74,1,1,1,0,,
01077010100-463-594,01077010100-463,237790,01077010100,73,2,1,2,1,,
01077010100-464-595,01077010100-464,966077,01077010100,21,1,1,1,0,,644086050
01077010100-464-596,01077010100-464,966077,01077010100,21,1,1,2,12,,133760520
01077010100-465-597,01077010100-465,155022,01077010100,24,1,1,1,0,,
01077010100-465-598,01077010100-465,155022,01077010100,25,2,1,2,1,,704336544
01077010100-466-599,01077010100-466,534710,01077010100,23,1,1,1,0,,599400124
01077010100-466-600,01077010100-466,534710,01077010100,23,2,1,2,1,,803489137
01077010100-467-601,01077010100-467,966077,01077010100,21,1,1,1,0,,695794289
01077010100-467-602,01077010100-467,966077,01077010100,21,1,1,2,12,,251884706
01077010100-468-603,01077010100-468,42693,01077010100,24,2,1,1,0,,644088528
01077010100-468-604,01077010100-468,42693,01077010100,31,1,1,2,5,,997143318
01077010100-469-605,01077010100-469,1452092,01077010100,33,2,1,1,0,,513756577
01077010100-469-606,01077010100-469,1452092,01077010100,14,1,1,2,2,010201000772,
01077010100-470-607,01077010100-470,114483,01077010100,32,1,1,1,0,,927919316
01077010100-470-608,01077010100-470,114483,01077010100,6,1,1,2,2,,
01077010100-471-609,01077010100-471,781975,01077010100,29,2,1,1,0,,475156121
01077010100-471-610,01077010100-471,781975,01077010100,25,2,1,2,12,,420248007
01077010100-472-611,01077010100-472,45160,01077010100,25,1,1,1,0,,545024671
01077010100-472-612,01077010100-472,45160,01077010100,23,2,1,2,1,,
01077010100-473-613,01077010100-473,975540,01077010100,33,1,1,1,0,,133769869
01077010100-473-614,01077010100-473,975540,01077010100,30,2,1,2,1,,420166951
01077010100-474-615,01077010100-474,1252576,01077010100,26,2,1,1,0,,892473703
01077010100-474-616,01077010100-474,1252576,01077010100,27,1,1,2,1,,133761866
01077010100-475-617,01077010100-475,970086,01077010100,26,1,1,1,0,,441309689
01077010100-475-618,01077010100-475,970086,01077010100,27,2,1,2,1,,401888920
01077010100-476-619,01077010100-476,94352,01077010100,30,2,1,1,0,,378035158
01077010100-476-620,01077010100-476,94352,01077010100,27,1,1,2,1,,607146461
01077010100-477-621,01077010100-477,1157136,01077010100,30,2,1,1,0,,250694569
01077010100-477-622,01077010100-477,1157136,01077010100,36,1,1,2,1,,226521136
01077010100-478-623,01077010100-478,970086,01077010100,26,1,1,1,0,,378971360
01077010100-478-624,01077010100-478,970086,01077010100,27,2,1,2,1,,711953422
01077010100-479-625,01077010100-479,1274402,01077010100,43,1,1,1,0,,133774166
01077010100-479-626,01077010100-479,1274402,01077010100,39,2,1,2,1,,967947953
01077010100-480-627,01077010100-480,483284,01077010100,53,2,1,1,0,,133756320
01077010100-480-628,01077010100-480,483284,01077010100,61,1,1,2,1,,997143318
01077010100-481-629,01077010100-481,870631,01077010100,54,2,1,1,0,,
01077010100-481-630,01077010100-481,870631,01077010100,55,1,1,2,1,,635631
01077010100-482-631,01077010100-482,516812,01077010100,45,2,1,1,0,,133747329
01077010100-482-632,01077010100-482,516812,01077010100,41,1,1,2,1,,702574161
01077010100-483-633,01077010100-483,747299,01077010100,53,2,1,1,0,,420244790
01077010100-483-634,01077010100-483,747299,01077010100,59,1,1,2,1,,
01077010100-484-635,01077010100-484,1050762,01077010100,53,2,1,1,0,,803517028
01077010100-484-636,01077010100-484,1050762,01077010100,53,1,1,2,1,,303750392
01077010100-485-637,01077010100-485,1269723,01077010100,50,2,1,1,0,,997143318
01077010100-485-638,01077010100-485,1269723,01077010100,51,2,1,2,12,,997143318
01077010100-486-639,01077010100-486,1096684,01077010100,46,1,1,1,0,,9241662
01077010100-486-640,01077010100-486,1096684,01077010100,35,2,1,2,13,,513756825
01077010100-487-641,01077010100-487,257769,01077010100,58,1,1,1,0,,133754556
01077010100-487-642,01077010100-487,257769,01077010100,51,2,1,2,1,,607146461
01077010100-488-643,01077010100-488,105061,01077010100,57,2,1,1,0,,401889464
01077010100-488-644,01077010100-488,105061,01077010100,61,1,1,2,1,,
01077010100-489-645,01077010100-489,824937,01077010100,60,1,1,1,0,,303756407
01077010100-489-646,01077010100-489,824937,01077010100,58,2,1,2,1,,
01077010100-490-647,01077010100-490,1491615,01077010100,63,1,1,1,0,,
01077010100-490-648,01077010100-490,1491615,01077010100,61,2,1,2,1,,
01077010100-491-649,01077010100-491,282570,01077010100,60,1,1,1,0,,133769869
01077010100-491-650,01077010100-491,282570,01077010100,52,2,1,2,1,,803513241
01077010100-492-651,01077010100-492,65378,01077010100,60,2,1,1,0,,997143318
01077010100-492-652,01077010100-492,65378,01077010100,63,1,1,2,1,,
01077010100-493-653,01077010100-493,1216499,01077010100,62,1,1,1,0,,400702850
01077010100-493-654,01077010100-493,1216499,01077010100,55,2,1,2,1,,
01077010100-494-655,01077010100-494,933557,01077010100,64,1,1,1,0,,
01077010100-494-656,01077010100-494,933557,01077010100,64,2,1,2,1,,574653614
01077010100-495-657,01077010100-495,1207318,01077010100,69,1,1,1,0,,
01077010100-495-658,01077010100-495,1207318,01077010100,68,2,1,2,1,,133753236
01077010100-496-659,01077010100-496,992877,01077010100,69,2,1,1,0,,
01077010100-496-660,01077010100-496,992877,01077010100,70,1,1,2,1,,
01077010100-497-661,01077010100-497,1440039,01077010100,65,1,1,1,0,,
01077010100-497-662,01077010100-497,1440039,01077010100,67,2,1,2,1,,
01077010100-498-663,01077010100-498,846821,01077010100,65,1,1,1,0,,
01077010100-498-664,01077010100-498,846821,01077010100,69,2,1,2,1,,
01077010100-499-665,01077010100-499,1105929,01077010100,70,1,1,1,0,,133751925
01077010100-499-666,01077010100-499,1105929,01077010100,68,2,1,2,1,,
01077010100-500-667,01077010100-500,23048,01077010100,73,1,1,1,0,,
01077010100-500-668,01077010100-500,23048,01077010100,68,2,1,2,1,,
01077010100-501-669,01077010100-501,1465612,01077010100,24,1,2,1,0,,475156188
01077010100-501-670,01077010100-501,1465612,01077010100,22,2,2,2,13,,226523421
01077010100-502-671,01077010100-502,822284,01077010100,34,1,2,1,0,,396240194
01077010100-502-672,01077010100-502,822284,01077010100,3,1,2,2,2,00000973,
01077010100-503-673,01077010100-503,1309970,01077010100,46,1,2,1,0,,
01077010100-503-674,01077010100-503,1309970,01077010100,45,2,2,2,1,,664186749
01077010100-504-675,01077010100-504,1136169,01077010100,46,1,2,1,0,,607146461
01077010100-504-676,01077010100-504,1136169,01077010100,48,2,2,2,1,,133756114
01077010100-505-677,01077010100-505,750733,01077010100,62,2,2,1,0,,
01077010100-505-678,01077010100-505,750733,01077010100,72,1,2,2,1,,
01077010100-506-679,01077010100-506,159036,01077010100,27,2,6,1,0,,456273036
01077010100-506-680,01077010100-506,159036,01077010100,30,1,1,2,1,,675096606
01077010100-507-681,01077010100-507,890938,01077010100,33,2,6,1,0,,513756205
01077010100-507-682,01077010100-507,890938,01077010100,35,1,6,2,1,,495971152
01077010100-508-683,01077010100-508,1399770,01077010100,26,1,6,1,0,,133734129
01077010100-508-684,01077010100-508,1399770,01077010100,31,2,1,2,15,,133751412
01077010100-509-685,01077010100-509,150644,01077010100,31,1,1,1,0,,250695160
01077010100-509-686,01077010100-509,150644,01077010100,29,2,1,2,1,,803518570
01077010100-510-687,01077010100-510,658170,01077010100,52,2,1,1,0,,545024226
01077010100-510-688,01077010100-510,658170,01077010100,55,1,1,2,1,,133758326
01077010100-511-689,01077010100-511,957074,01077010100,64,2,1,1,0,,133773721
01077010100-511-690,01077010100-511,957074,01077010100,65,1,1,2,1,,545028490
01077010100-512-691,01077010100-512,184402,01077010100,22,2,1,1,0,,
01077010100-512-692,01077010100-512,184402,01077010100,22,2,1,2,12,,
01077010100-512-693,01077010100-512,184402,01077010100,21,2,1,3,12,,
01077010100-513-694,01077010100-513,1077964,01077010100,22,2,1,1,0,,
01077010100-513-695,01077010100-513,1077964,01077010100,2,2,1,2,2,,
01077010100-513-696,01077010100-513,1077964,01077010100,0,2,1,3,2,,
01077010100-514-697,01077010100-514,29630,01077010100,23,2,1,1,0,,206827552
01077010100-514-698,01077010100-514,29630,01077010100,3,1,9,2,2,010201000772,
01077010100-514-699,01077010100-514,29630,01077010100,2,1,9,3,2,,
01077010100-515-700,01077010100-515,188826,01077010100,24,2,1,1,0,,
01077010100-515-701,01077010100-515,188826,01077010100,5,2,1,2,2,010201000765,
01077010100-515-702,01077010100-515,188826,01077010100,4,2,1,3,2,00000973,
01077010100-516-703,01077010100-516,401186,01077010100,19,1,1,1,0,,545022758
01077010100-516-704,01077010100-516,401186,01077010100,19,1,2,2,12,,704384429
01077010100-516-705,01077010100-516,401186,01077010100,19,1,8,3,12,,
01077010100-517-706,01077010100-517,1340945,01077010100,23,2,1,1,0,,
01077010100-517-707,01077010100-517,1340945,01077010100,23,2,1,2,12,,599402989
01077010100-517-708,01077010100-517,1340945,01077010100,22,2,1,3,12,,
01077010100-518-709,01077010100-518,1184087,01077010100,19,1,1,1,0,,
01077010100-518-710,01077010100-518,1184087,01077010100,19,1,1,2,12,,
01077010100-518-711,01077010100-518,1184087,01077010100,18,1,1,3,12,,
01077010100-519-712,01077010100-519,547470,01077010100,24,2,1,1,0,,
01077010100-519-713,01077010100-519,547470,01077010100,24,1,1,2,1,,
01077010100-519-714,01077010100-519,547470,01077010100,4,2,1,3,2,,
01077010100-520-715,01077010100-520,1245934,01077010100,34,2,1,1,0,,
01077010100-520-716,01077010100-520,1245934,01077010100,17,1,1,2,2,010153000528,
01077010100-520-717,01077010100-520,1245934,01077010100,13,2,1,3,2,010201000767,
01077010100-521-718,01077010100-521,415613,01077010100,28,2,1,1,0,,
01077010100-521-719,01077010100-521,415613,01077010100,6,1,1,2,2,010201000772,
01077010100-521-720,01077010100-521,415613,01077010100,2,1,1,3,2,,
01077010100-522-721,01077010100-522,1226191,01077010100,28,2,1,1,0,,
01077010100-522-722,01077010100-522,1226191,01077010100,4,2,1,2,2,00000973,
01077010100-522-723,01077010100-522,1226191,01077010100,3,1,1,3,2,,
01077010100-523-724,01077010100-523,237931,01077010100,25,2,1,1,0,,133746990
01077010100-523-725,01077010100-523,237931,01077010100,5,1,1,2,2,010201001545,
01077010100-523-726,01077010100-523,237931,01077010100,1,1,1,3,2,,
01077010100-524-727,01077010100-524,35291,01077010100,29,1,1,1,0,,
01077010100-524-728,01077010100-524,35291,01077010100,24,2,1,2,1,,892483272
01077010100-524-729,01077010100-524,35291,01077010100,6,1,1,3,2,010201000775,
01077010100-525-730,01077010100-525,679652,01077010100,36,2,1,1,0,,
01077010100-525-731,01077010100-525,679652,01077010100,20,2,1,2,2,,927924431
01077010100-525-732,01077010100-525,679652,01077010100,0,1,1,3,7,,
01077010100-526-733,01077010100-526,468496,01077010100,45,1,1,1,0,,599395019
01077010100-526-734,01077010100-526,468496,01077010100,38,2,1,2,1,,
01077010100-526-735,01077010100-526,468496,01077010100,10,1,1,3,2,010201001545,
01077010100-527-736,01077010100-527,1224564,01077010100,22,2,2,1,0,,
01077010100-527-737,01077010100-527,1224564,01077010100,4,2,2,2,2,010201000772,
01077010100-527-738,01077010100-527,1224564,01077010100,2,1,2,3,2,,
01077010100-528-739,01077010100-528,545125,01077010100,21,2,2,1,0,,133768101
01077010100-528-740,01077010100-528,545125,01077010100,22,2,2,2,12,,250695160
01077010100-528-741,01077010100-528,545125,01077010100,21,2,2,3,12,,
01077010100-529-742,01077010100-529,428791,01077010100,21,2,2,1,0,,
01077010100-529-743,01077010100-529,428791,01077010100,1,2,2,2,2,,
01077010100-529-744,01077010100-529,428791,01077010100,22,2,2,3,5,,
01077010100-530-745,01077010100-530,545125,01077010100,21,2,2,1,0,,300671351
01077010100-530-746,01077010100-530,545125,01077010100,22,2,2,2,12,,250695160
01077010100-530-747,01077010100-530,545125,01077010100,21,2,2,3,12,,
01077010100-531-748,01077010100-531,945485,01077010100,32,2,2,1,0,,
01077010100-531-749,01077010100-531,945485,01077010100,14,1,2,2,2,010201000765,
01077010100-531-750,01077010100-531,945485,01077010100,8,1,2,3,2,010201000763,
01077010100-532-751,01077010100-532,894131,01077010100,32,2,2,1,0,,
01077010100-532-752,01077010100-532,894131,01077010100,11,2,2,2,2,010201001545,
01077010100-532-753,01077010100-532,894131,01077010100,6,1,2,3,2,010153000532,
01077010100-533-754,01077010100-533,887299,01077010100,25,2,2,1,0,,
01077010100-533-755,01077010100-533,887299,01077010100,4,1,2,2,2,,
01077010100-533-756,01077010100-533,887299,01077010100,2,2,2,3,2,,
01077010100-534-757,01077010100-534,774948,01077010100,31,2,2,1,0,,
01077010100-534-758,01077010100-534,774948,01077010100,11,2,2,2,2,010201000767,
01077010100-534-759,01077010100-534,774948,01077010100,6,1,2,3,2,010201000769,
01077010100-535-760,01077010100-535,86502,01077010100,30,2,2,1,0,,803502160
01077010100-535-761,01077010100-535,86502,01077010100,5,2,2,2,2,010201000766,
01077010100-535-762,01077010100-535,86502,01077010100,4,2,2,3,2,,
01077010100-536-763,01077010100-536,600364,01077010100,50,2,2,1,0,,
01077010100-536-764,01077010100-536,600364,01077010100,26,2,2,2,2,,226523421
01077010100-536-765,01077010100-536,600364,01077010100,20,2,2,3,2,,
01077010100-537-766,01077010100-537,931412,01077010100,34,2,6,1,0,,
01077010100-537-767,01077010100-537,931412,01077010100,37,1,1,2,1,,
01077010100-537-768,01077010100-537,931412,01077010100,2,1,9,3,2,,
01077010100-538-769,01077010100-538,207709,01077010100,24,2,1,1,0,,803522689
01077010100-538-770,01077010100-538,207709,01077010100,5,1,1,2,2,A0100374,
01077010100-538-771,01077010100-538,207709,01077010100,19,2,1,3,12,,607348836
01077010100-539-772,01077010100-539,1164742,01077010100,49,2,1,1,0,,401889282
01077010100-539-773,01077010100-539,1164742,01077010100,52,1,1,2,1,,314267931
01077010100-539-774,01077010100-539,1164742,01077010100,5,2,1,3,2,010201000766,
01077010100-540-775,01077010100-540,51232,01077010100,30,2,1,1,0,,
01077010100-540-776,01077010100-540,51232,01077010100,8,1,1,2,2,010201000763,
01077010100-540-777,01077010100-540,51232,01077010100,2,2,1,3,2,,
01077010100-541-778,01077010100-541,147024,01077010100,46,2,1,1,0,,
01077010100-541-779,01077010100-541,147024,01077010100,18,1,1,2,2,,
01077010100-541-780,01077010100-541,147024,01077010100,29,1,1,3,13,,
01077010100-542-781,01077010100-542,7012,01077010100,24,2,2,1,0,,401889340
01077010100-542-782,01077010100-542,7012,01077010100,8,1,2,2,2,010201000765,
01077010100-542-783,01077010100-542,7012,01077010100,6,2,2,3,2,010153000532,
01077010100-543-784,01077010100-543,744906,01077010100,31,2,2,1,0,,133750695
01077010100-543-785,01077010100-543,744906,01077010100,4,2,2,2,2,,
01077010100-543-786,01077010100-543,744906,01077010100,1,1,2,3,2,,
01077010100-544-787,01077010100-544,1076816,01077010100,20,2,1,1,0,,
01077010100-544-788,01077010100-544,1076816,01077010100,0,2,1,2,2,,
01077010100-544-789,01077010100-544,1076816,01077010100,32,1,1,3,13,,886694330
01077010100-545-790,01077010100-545,668757,01077010100,23,2,1,1,0,,
01077010100-545-791,01077010100-545,668757,01077010100,24,1,1,2,1,,133774166
01077010100-545-792,01077010100-545,668757,01077010100,0,1,1,3,2,,
01077010100-546-793,01077010100-546,1360611,01077010100,22,2,1,1,0,,574666293
01077010100-546-794,01077010100-546,1360611,01077010100,22,2,1,2,12,,382550648
01077010100-546-795,01077010100-546,1360611,01077010100,25,1,1,3,13,,513757518
01077010100-547-796,01077010100-547,976953,01077010100,22,2,1,1,0,,803489145
01077010100-547-797,01077010100-547,976953,01077010100,1,2,1,2,2,,
01077010100-547-798,01077010100-547,976953,01077010100,22,1,1,3,13,,420158057
01077010100-548-799,01077010100-548,127177,01077010100,21,2,1,1,0,,385173083
01077010100-548-800,01077010100-548,127177,01077010100,20,1,1,2,1,,133756064
01077010100-548-801,01077010100-548,127177,01077010100,1,1,1,3,2,,
01077010100-549-802,01077010100-549,668757,01077010100,23,2,1,1,0,,
01077010100-549-803,01077010100-549,668757,01077010100,24,1,1,2,1,,133760181
01077010100-549-804,01077010100-549,668757,01077010100,0,1,1,3,2,,
01077010100-550-805,01077010100-550,727057,01077010100,19,2,1,1,0,,495961013
01077010100-550-806,01077010100-550,727057,01077010100,25,1,1,2,12,,133752329
01077010100-550-807,01077010100-550,727057,01077010100,21,1,1,3,12,,803510924
01077010100-551-808,01077010100-551,771353,01077010100,25,2,1,1,0,,133748129
01077010100-551-809,01077010100-551,771353,01077010100,1,1,1,2,2,,
01077010100-551-810,01077010100-551,771353,01077010100,0,1,8,3,15,,
01077010100-552-811,01077010100-552,1393925,01077010100,33,2,1,1,0,,401888920
01077010100-552-812,01077010100-552,1393925,01077010100,14,2,1,2,2,010201000775,
01077010100-552-813,01077010100-552,1393925,01077010100,10,1,1,3,2,010201000765,
01077010100-553-814,01077010100-553,56282,01077010100,29,2,1,1,0,,308028208
01077010100-553-815,01077010100-553,56282,01077010100,10,1,1,2,2,010153000532,
01077010100-553-816,01077010100-553,56282,01077010100,7,2,1,3,2,010153000532,
01077010100-554-817,01077010100-554,707561,01077010100,52,2,1,1,0,,997143318
01077010100-554-818,01077010100-554,707561,01077010100,10,1,1,2,7,010153000535,
01077010100-554-819,01077010100-554,707561,01077010100,54,2,1,3,13,,495966202
01077010100-555-820,01077010100-555,1311709,01077010100,24,1,2,1,0,,
01077010100-555-821,01077010100-555,1311709,01077010100,2,1,2,2,4,,
01077010100-555-822,01077010100-555,1311709,01077010100,22,2,9,3,13,,574676169
01077010100-556-823,01077010100-556,1442863,01077010100,22,1,2,1,0,,886694330
01077010100-556-824,01077010100-556,1442863,01077010100,21,2,2,2,1,,133753897
01077010100-556-825,01077010100-556,1442863,01077010100,1,1,2,3,2,,
01077010100-557-826,01077010100-557,913842,01077010100,31,2,2,1,0,,300671195
01077010100-557-827,01077010100-557,913842,01077010100,12,1,2,2,2,010201000772,
01077010100-557-828,01077010100-557,913842,01077010100,10,2,2,3,2,010201000766,
01077010100-558-829,01077010100-558,792368,01077010100,29,2,2,1,0,,133746701
01077010100-558-830,01077010100-558,792368,01077010100,9,2,2,2,2,010201001545,
01077010100-558-831,01077010100-558,792368,01077010100,7,2,2,3,2,010201000775,
01077010100-559-832,01077010100-559,1403110,01077010100,33,2,2,1,0,,133769869
01077010100-559-833,01077010100-559,1403110,01077010100,16,2,2,2,2,010153000528,
01077010100-559-834,01077010100-559,1403110,01077010100,5,1,2,3,2,010201001545,
01077010100-560-835,01077010100-560,1303356,01077010100,53,2,2,1,0,,
01077010100-560-836,01077010100-560,1303356,01077010100,21,1,2,2,2,,
01077010100-560-837,01077010100-560,1303356,01077010100,17,2,2,3,2,010201000775,
01077010100-561-838,01077010100-561,31521,01077010100,30,1,6,1,0,,803522689
01077010100-561-839,01077010100-561,31521,01077010100,28,2,6,2,1,,
01077010100-561-840,01077010100-561,31521,01077010100,1,1,6,3,2,,
01077010100-562-841,01077010100-562,209511,01077010100,20,2,1,1,0,,9241662
01077010100-562-842,01077010100-562,209511,01077010100,31,1,1,2,1,,420158057
01077010100-562-843,01077010100-562,209511,01077010100,1,1,1,3,2,,
01077010100-563-844,01077010100-563,1055130,01077010100,20,1,1,1,0,,
01077010100-563-845,01077010100-563,1055130,01077010100,20,1,2,2,12,,987560612
01077010100-563-846,01077010100-563,1055130,01077010100,20,2,1,3,12,,987561073
01077010100-564-847,01077010100-564,369053,01077010100,25,1,1,1,0,,495960015
01077010100-564-848,01077010100-564,369053,01077010100,23,1,1,2,12,,
01077010100-564-849,01077010100-564,369053,01077010100,22,2,1,3,12,,997143318
01077010100-565-850,01077010100-565,1247318,01077010100,33,2,2,1,0,,475156220
01077010100-565-851,01077010100-565,1247318,01077010100,13,2,2,2,2,010201000772,
01077010100-565-852,01077010100-565,1247318,01077010100,8,1,2,3,2,010201000774,
01077010100-566-853,01077010100-566,63062,01077010100,21,1,1,1,0,,690640008
01077010100-566-854,01077010100-566,63062,01077010100,23,1,1,2,12,,997143318
01077010100-566-855,01077010100-566,63062,01077010100,19,2,1,3,13,,258582915
01077010100-567-856,01077010100-567,1055292,01077010100,21,2,1,1,0,,133750208
01077010100-567-857,01077010100-567,1055292,01077010100,1,1,1,2,2,,
01077010100-567-858,01077010100-567,1055292,01077010100,21,1,1,3,12,,
01077010100-568-859,01077010100-568,770651,01077010100,30,1,1,1,0,,9241662
01077010100-568-860,01077010100-568,770651,01077010100,27,2,1,2,1,,
01077010100-568-861,01077010100-568,770651,01077010100,1,1,1,3,2,,
01077010100-569-862,01077010100-569,567280,01077010100,22,2,1,1,0,,396240194
01077010100-569-863,01077010100-569,567280,01077010100,3,1,1,2,2,,
01077010100-569-864,01077010100-569,567280,01077010100,25,1,1,3,13,,997143318
01077010100-570-865,01077010100-570,1193206,01077010100,24,1,1,1,0,,
01077010100-570-866,01077010100-570,1193206,01077010100,25,2,1,2,1,,396240194
01077010100-570-867,01077010100-570,1193206,01077010100,0,2,1,3,2,,
01077010100-571-868,01077010100-571,1256936,01077010100,23,1,1,1,0,,266382936
01077010100-571-869,01077010100-571,1256936,01077010100,24,1,1,2,15,,997143318
01077010100-571-870,01077010100-571,1256936,01077010100,21,1,1,3,15,,420244808
01077010100-572-871,01077010100-572,387109,01077010100,34,1,1,1,0,,378034557
01077010100-572-872,01077010100-572,387109,01077010100,30,2,1,2,1,,967947250
01077010100-572-873,01077010100-572,387109,01077010100,6,1,1,3,2,,
01077010100-572-874,01077010100-572,387109,01077010100,11,2,1,4,3,,
01077010100-573-875,01077010100-573,1455229,01077010100,29,2,1,1,0,,967945494
01077010100-573-876,01077010100-573,1455229,01077010100,29,1,1,2,1,,456272467
01077010100-573-877,01077010100-573,1455229,01077010100,1,2,1,3,2,,
01077010100-574-878,01077010100-574,1055903,01077010100,33,2,1,1,0,,495962847
01077010100-574-879,01077010100-574,1055903,01077010100,25,1,1,2,1,,133773721
01077010100-574-880,01077010100-574,1055903,01077010100,0,2,1,3,2,,
01077010100-575-881,01077010100-575,1398502,01077010100,28,1,1,1,0,,5440276
01077010100-575-882,01077010100-575,1398502,01077010100,25,2,1,2,1,,420244790
01077010100-575-883,01077010100-575,1398502,01077010100,0,2,1,3,2,,
01077010100-576-884,01077010100-576,820185,01077010100,33,2,1,1,0,,133751925
01077010100-576-885,01077010100-576,820185,01077010100,34,1,1,2,1,,803501519
01077010100-576-886,01077010100-576,820185,01077010100,2,1,1,3,2,,
01077010100-577-887,01077010100-577,889645,01077010100,29,1,1,1,0,,133747162
01077010100-577-888,01077010100-577,889645,01077010100,25,2,1,2,1,,9241662
01077010100-577-889,01077010100-577,889645,01077010100,0,1,1,3,2,,
01077010100-578-890,01077010100-578,663728,01077010100,27,1,1,1,0,,967946583
01077010100-578-891,01077010100-578,663728,01077010100,26,2,1,2,1,,545022063
01077010100-578-892,01077010100-578,663728,01077010100,0,2,1,3,2,,
01077010100-579-893,01077010100-579,703881,01077010100,41,2,1,1,0,,644087207
01077010100-579-894,01077010100-579,703881,01077010100,42,1,1,2,1,,309199230
01077010100-579-895,01077010100-579,703881,01077010100,17,1,1,3,2,010201000765,133794818
01077010100-580-896,01077010100-580,425725,01077010100,50,1,1,1,0,,632131082
01077010100-580-897,01077010100-580,425725,01077010100,49,2,1,2,1,,305893257
01077010100-580-898,01077010100-580,425725,01077010100,14,1,1,3,2,010201000767,
01077010100-581-899,01077010100-581,761581,01077010100,54,2,1,1,0,,450050653
01077010100-581-900,01077010100-581,761581,01077010100,7,2,1,2,3,010201001545,
01077010100-581-901,01077010100-581,761581,01077010100,70,2,1,3,6,,
01077010100-582-902,01077010100-582,756903,01077010100,52,1,1,1,0,,5440276
01077010100-582-903,01077010100-582,756903,01077010100,44,2,1,2,1,,
01077010100-582-904,01077010100-582,756903,01077010100,6,2,1,3,2,010201000763,
01077010100-583-905,01077010100-583,544074,01077010100,47,2,1,1,0,,420248007
01077010100-583-906,01077010100-583,544074,01077010100,20,2,1,2,2,,
01077010100-583-907,01077010100-583,544074,01077010100,18,1,1,3,2,010201000775,
01077010100-584-908,01077010100-584,1159887,01077010100,60,1,1,1,0,,803510387
01077010100-584-909,01077010100-584,1159887,01077010100,60,2,1,2,1,,967947953
01077010100-584-910,01077010100-584,1159887,01077010100,21,1,1,3,3,,
01077010100-585-911,01077010100-585,1101205,01077010100,32,1,2,1,0,,997143318
01077010100-585-912,01077010100-585,1101205,01077010100,29,2,2,2,1,,
01077010100-585-913,01077010100-585,1101205,01077010100,3,1,2,3,4,,
01077010100-586-914,01077010100-586,400737,01077010100,48,2,2,1,0,,701138505
01077010100-586-915,01077010100-586,400737,01077010100,12,2,2,2,2,010201000764,
01077010100-586-916,01077010100-586,400737,01077010100,10,2,2,3,2,010201000767,
01077010100-587-917,01077010100-587,1237597,01077010100,33,1,6,1,0,,803522689
01077010100-587-918,01077010100-587,1237597,01077010100,29,2,6,2,1,,
01077010100-587-919,01077010100-587,1237597,01077010100,0,2,6,3,2,,
01077010100-588-920,01077010100-588,716768,01077010100,48,1,1,1,0,,963938105
01077010100-588-921,01077010100-588,716768,01077010100,51,2,1,2,1,,
01077010100-588-922,01077010100-588,716768,01077010100,19,2,1,3,2,,5440276
01077010100-589-923,01077010100-589,741369,01077010100,24,1,1,1,0,,
01077010100-589-924,01077010100-589,741369,01077010100,25,1,1,2,11,,
01077010100-589-925,01077010100-589,741369,01077010100,24,1,1,3,11,,
01077010100-589-926,01077010100-589,741369,01077010100,24,1,1,4,11,,
01077010100-590-927,01077010100-590,741369,01077010100,24,1,1,1,0,,
01077010100-590-928,01077010100-590,741369,01077010100,25,1,1,2,11,,
01077010100-590-929,01077010100-590,741369,01077010100,24,1,1,3,11,,
01077010100-590-930,01077010100-590,741369,01077010100,24,1,1,4,11,,
01077010100-591-931,01077010100-591,319218,01077010100,30,2,1,1,0,,
01077010100-591-932,01077010100-591,319218,01077010100,12,1,1,2,2,010201000763,
01077010100-591-933,01077010100-591,319218,01077010100,1,2,1,3,2,,
01077010100-591-934,01077010100-591,319218,01077010100,32,1,1,4,13,,
01077010100-592-935,01077010100-592,460523,01077010100,30,2,1,1,0,,
01077010100-592-936,01077010100-592,460523,01077010100,10,1,1,2,2,010201000765,
01077010100-592-937,01077010100-592,460523,01077010100,9,1,1,3,2,010201000772,
01077010100-592-938,01077010100-592,460523,01077010100,5,1,1,4,2,010201000773,
01077010100-593-939,01077010100-593,262304,01077010100,25,2,1,1,0,,
01077010100-593-940,01077010100-593,262304,01077010100,3,1,1,2,2,,
01077010100-593-941,01077010100-593,262304,01077010100,53,2,1,3,6,,
01077010100-593-942,01077010100-593,262304,01077010100,30,1,1,4,13,,
01077010100-594-943,01077010100-594,1198624,01077010100,22,2,2,1,0,,644086050
01077010100-594-944,01077010100-594,1198624,01077010100,8,2,2,2,2,010201000766,
01077010100-594-945,01077010100-594,1198624,01077010100,6,2,2,3,2,010153000532,
01077010100-594-946,01077010100-594,1198624,01077010100,3,2,2,4,2,,
01077010100-595-947,01077010100-595,1483245,01077010100,20,1,2,1,0,,
01077010100-595-948,01077010100-595,1483245,01077010100,21,1,2,2,11,,
01077010100-595-949,01077010100-595,1483245,01077010100,21,1,2,3,11,,
01077010100-595-950,01077010100-595,1483245,01077010100,20,1,2,4,11,,599403045
01077010100-596-951,01077010100-596,289074,01077010100,23,2,2,1,0,,
01077010100-596-952,01077010100-596,289074,01077010100,4,2,1,2,2,,
01077010100-596-953,01077010100-596,289074,01077010100,2,1,2,3,2,,
01077010100-596-954,01077010100-596,289074,01077010100,0,1,2,4,2,,
01077010100-597-955,01077010100-597,1223998,01077010100,32,2,2,1,0,,
01077010100-597-956,01077010100-597,1223998,01077010100,10,1,2,2,2,010201000767,
01077010100-597-957,01077010100-597,1223998,01077010100,8,2,2,3,2,010153000534,
01077010100-597-958,01077010100-597,1223998,01077010100,8,1,2,4,2,010201000775,
01077010100-598-959,01077010100-598,27254,01077010100,33,2,2,1,0,,
01077010100-598-960,01077010100-598,27254,01077010100,14,1,2,2,2,010153000536,
01077010100-598-961,01077010100-598,27254,01077010100,8,2,2,3,2,010201000766,
01077010100-598-962,01077010100-598,27254,01077010100,0,2,2,4,2,,
01077010100-599-963,01077010100-599,880981,01077010100,21,2,1,1,0,,
01077010100-599-964,01077010100-599,880981,01077010100,24,1,1,2,1,,967945411
01077010100-599-965,01077010100-599,880981,01077010100,3,1,1,3,2,,
01077010100-599-966,01077010100-599,880981,01077010100,1,1,1,4,2,,
01077010100-600-967,01077010100-600,1235071,01077010100,26,2,1,1,0,,599396355
01077010100-600-968,01077010100-600,1235071,01077010100,11,1,1,2,2,,
01077010100-600-969,01077010100-600,1235071,01077010100,5,1,1,3,2,010201000767,
01077010100-600-970,01077010100-600,1235071,01077010100,4,1,1,4,2,,
01077010100-601-971,01077010100-601,799584,01077010100,22,1,1,1,0,,649575743
01077010100-601-972,01077010100-601,799584,01077010100,1,2,1,2,2,,
01077010100-601-973,01077010100-601,799584,01077010100,7,2,1,3,4,010153000535,
01077010100-601-974,01077010100-601,799584,01077010100,28,2,1,4,12,,
01077010100-602-975,01077010100-602,901365,01077010100,21,2,1,1,0,,133749663
01077010100-602-976,01077010100-602,901365,01077010100,32,1,8,2,1,,8670093
01077010100-602-977,01077010100-602,901365,01077010100,4,2,1,3,2,,
01077010100-602-978,01077010100-602,901365,01077010100,1,2,8,4,2,,
01077010100-603-979,01077010100-603,1310259,01077010100,24,2,1,1,0,,
01077010100-603-980,01077010100-603,1310259,01077010100,3,1,1,2,2,,
01077010100-603-981,01077010100-603,1310259,01077010100,1,1,1,3,2,,
01077010100-603-982,01077010100-603,1310259,01077010100,38,1,1,4,13,,803488592
01077010100-604-983,01077010100-604,848186,01077010100,24,2,1,1,0,,666988704
01077010100-604-984,01077010100-604,848186,01077010100,4,2,1,2,2,,
01077010100-604-985,01077010100-604,848186,01077010100,2,2,1,3,2,,
01077010100-604-986,01077010100-604,848186,01077010100,21,1,1,4,13,,967946195
01077010100-605-987,01077010100-605,1247641,01077010100,33,1,1,1,0,,
01077010100-605-988,01077010100-605,1247641,01077010100,35,2,1,2,1,,
01077010100-605-989,01077010100-605,1247641,01077010100,10,1,1,3,2,010201000772,
01077010100-605-990,01077010100-605,1247641,01077010100,5,1,1,4,2,,
01077010100-606-991,01077010100-606,492109,01077010100,27,2,1,1,0,,
01077010100-606-992,01077010100-606,492109,01077010100,10,2,1,2,2,010201000765,
01077010100-606-993,01077010100-606,492109,01077010100,8,2,1,3,2,010201000772,
01077010100-606-994,01077010100-606,492109,01077010100,7,1,1,4,2,010201000772,
01077010100-607-995,01077010100-607,900537,01077010100,34,2,1,1,0,,
01077010100-607-996,01077010100-607,900537,01077010100,16,1,1,2,2,010201000770,
01077010100-607-997,01077010100-607,900537,01077010100,12,1,1,3,2,010201000775,
01077010100-607-998,01077010100-607,900537,01077010100,34,1,8,4,12,,219823689
01077010100-608-999,01077010100-608,198396,01077010100,54,2,1,1,0,,
01077010100-608-1000,01077010100-608,198396,01077010100,27,2,1,2,2,,886694330
01077010100-608-1001,01077010100-608,198396,01077010100,5,2,1,3,7,,
01077010100-608-1002,01077010100-608,198396,01077010100,4,2,1,4,7,,
01077010100-609-1003,01077010100-609,566196,01077010100,34,2,2,1,0,,420244758
01077010100-609-1004,01077010100-609,566196,01077010100,15,1,2,2,2,010201000772,
01077010100-609-1005,01077010100-609,566196,01077010100,10,1,2,3,2,010201000770,
01077010100-609-1006,01077010100-609,566196,01077010100,6,2,2,4,2,010201000767,
01077010100-610-1007,01077010100-610,566196,01077010100,34,2,2,1,0,,620921494
01077010100-610-1008,01077010100-610,566196,01077010100,15,1,2,2,2,010201000772,
01077010100-610-1009,01077010100-610,566196,01077010100,10,1,2,3,2,010201000763,
01077010100-610-1010,01077010100-610,566196,01077010100,6,2,2,4,2,010201000773,
01077010100-611-1011,01077010100-611,268846,01077010100,29,2,2,1,0,,
01077010100-611-1012,01077010100-611,268846,01077010100,27,1,2,2,1,,987559218
01077010100-611-1013,01077010100-611,268846,01077010100,2,1,2,3,2,,
01077010100-611-1014,01077010100-611,268846,01077010100,1,2,2,4,2,,
01077010100-612-1015,01077010100-612,68228,01077010100,24,1,1,1,0,,967944471
01077010100-612-1016,01077010100-612,68228,01077010100,3,2,1,2,2,,
01077010100-612-1017,01077010100-612,68228,01077010100,0,1,1,3,2,,
01077010100-612-1018,01077010100-612,68228,01077010100,23,2,1,4,13,,710931726
01077010100-613-1019,01077010100-613,766158,01077010100,29,2,1,1,0,,
01077010100-613-1020,01077010100-613,766158,01077010100,35,1,1,2,1,,688956366
01077010100-613-1021,01077010100-613,766158,01077010100,9,1,1,3,2,010201000774,
01077010100-613-1022,01077010100-613,766158,01077010100,11,1,1,4,4,010201000767,
01077010100-614-1023,01077010100-614,565460,01077010100,24,1,1,1,0,,300668969
01077010100-614-1024,01077010100-614,565460,01077010100,29,1,1,2,12,,5440276
01077010100-614-1025,01077010100-614,565460,01077010100,26,1,1,3,12,,987558194
01077010100-614-1026,01077010100-614,565460,01077010100,24,1,2,4,12,,927922682
01077010100-615-1027,01077010100-615,130066,01077010100,32,2,1,1,0,,
01077010100-615-1028,01077010100-615,130066,01077010100,32,1,1,2,1,,892495243
01077010100-615-1029,01077010100-615,130066,01077010100,8,1,1,3,2,010201001545,
01077010100-615-1030,01077010100-615,130066,01077010100,1,1,1,4,2,,
01077010100-616-1031,01077010100-616,319364,01077010100,30,2,1,1,0,,441309689
01077010100-616-1032,01077010100-616,319364,01077010100,42,1,1,2,1,,4411765
01077010100-616-1033,01077010100-616,319364,01077010100,11,1,1,3,2,010201000775,
01077010100-616-1034,01077010100-616,319364,01077010100,6,2,1,4,2,010201000772,
01077010100-617-1035,01077010100-617,1481190,01077010100,31,1,1,1,0,,892473703
01077010100-617-1036,01077010100-617,1481190,01077010100,31,2,1,2,1,,
01077010100-617-1037,01077010100-617,1481190,01077010100,8,2,1,3,2,010201000770,
01077010100-617-1038,01077010100-617,1481190,01077010100,1,2,1,4,2,,
01077010100-618-1039,01077010100-618,1153343,01077010100,29,2,1,1,0,,803511252
01077010100-618-1040,01077010100-618,1153343,01077010100,38,1,1,2,1,,133756320
01077010100-618-1041,01077010100-618,1153343,01077010100,11,2,1,3,2,010201000765,
01077010100-618-1042,01077010100-618,1153343,01077010100,6,2,1,4,2,010201000767,
01077010100-619-1043,01077010100-619,892278,01077010100,31,1,1,1,0,,306901844
01077010100-619-1044,01077010100-619,892278,01077010100,30,2,1,2,1,,892495243
01077010100-619-1045,01077010100-619,892278,01077010100,3,2,1,3,2,00000973,
01077010100-619-1046,01077010100-619,892278,01077010100,0,1,1,4,2,,
01077010100-620-1047,01077010100-620,979763,01077010100,29,2,1,1,0,,607348836
01077010100-620-1048,01077010100-620,979763,01077010100,31,1,1,2,1,,803522689
01077010100-620-1049,01077010100-620,979763,01077010100,4,1,1,3,2,,
01077010100-620-1050,01077010100-620,979763,01077010100,0,1,1,4,2,,
01077010100-621-1051,01077010100-621,620848,01077010100,28,2,1,1,0,,892487497
01077010100-621-1052,01077010100-621,620848,01077010100,29,1,1,2,1,,495971152
01077010100-621-1053,01077010100-621,620848,01077010100,3,1,9,3,2,,
01077010100-621-1054,01077010100-621,620848,01077010100,1,2,1,4,2,,
01077010100-622-1055,01077010100-622,305110,01077010100,31,1,1,1,0,,704908474
01077010100-622-1056,01077010100-622,305110,01077010100,34,2,1,2,1,,635631
01077010100-622-1057,01077010100-622,305110,01077010100,0,1,1,3,2,,
01077010100-622-1058,01077010100-622,305110,01077010100,8,1,1,4,4,010201001545,
01077010100-623-1059,01077010100-623,583500,01077010100,36,1,1,1,0,,967947664
01077010100-623-1060,01077010100-623,583500,01077010100,37,2,1,2,1,,495972812
01077010100-623-1061,01077010100-623,583500,01077010100,9,1,1,3,2,010153000535,
01077010100-623-1062,01077010100-623,583500,01077010100,4,2,1,4,2,010201000765,
01077010100-624-1063,01077010100-624,666980,01077010100,42,2,1,1,0,,
01077010100-624-1064,01077010100-624,666980,01077010100,41,1,1,2,1,,635631
01077010100-624-1065,01077010100-624,666980,01077010100,22,1,1,3,2,,309198752
01077010100-624-1066,01077010100-624,666980,01077010100,17,1,1,4,2,010201000767,
01077010100-625-1067,01077010100-625,67009,01077010100,53,1,1,1,0,,967944935
01077010100-625-1068,01077010100-625,67009,01077010100,50,2,1,2,1,,
01077010100-625-1069,01077010100-625,67009,01077010100,23,2,1,3,2,,802734475
01077010100-625-1070,01077010100-625,67009,01077010100,24,1,1,4,9,,
01077010100-626-1071,01077010100-626,925075,01077010100,47,1,1,1,0,,200030872
01077010100-626-1072,01077010100-626,925075,01077010100,46,2,1,2,1,,695660316
01077010100-626-1073,01077010100-626,925075,01077010100,23,1,1,3,2,,400429705
01077010100-626-1074,01077010100-626,925075,01077010100,16,2,1,4,2,010201000770,
01077010100-627-1075,01077010100-627,476415,01077010100,27,1,2,1,0,,133757468
01077010100-627-1076,01077010100-627,476415,01077010100,26,2,2,2,1,,3260437
01077010100-627-1077,01077010100-627,476415,01077010100,4,1,2,3,2,,
01077010100-627-1078,01077010100-627,476415,01077010100,7,1,2,4,4,010153000532,
01077010100-628-1079,01077010100-628,114853,01077010100,49,2,2,1,0,,314267931
01077010100-628-1080,01077010100-628,114853,01077010100,29,2,2,2,2,,133762583
01077010100-628-1081,01077010100-628,114853,01077010100,5,2,2,3,7,A0100374,
01077010100-628-1082,01077010100-628,114853,01077010100,30,1,2,4,9,,495974925
01077010100-629-1083,01077010100-629,200196,01077010100,34,2,1,1,0,,644088346
01077010100-629-1084,01077010100-629,200196,01077010100,36,1,1,2,1,,401889282
01077010100-629-1085,01077010100-629,200196,01077010100,10,1,1,3,2,010153000534,
01077010100-629-1086,01077010100-629,200196,01077010100,5,2,1,4,2,,
01077010100-630-1087,01077010100-630,131086,01077010100,45,2,1,1,0,,
01077010100-630-1088,01077010100-630,131086,01077010100,21,1,1,2,2,,
01077010100-630-1089,01077010100-630,131086,01077010100,19,1,1,3,2,,599402617
01077010100-630-1090,01077010100-630,131086,01077010100,20,1,1,4,11,,
01077010100-631-1091,01077010100-631,1012527,01077010100,24,2,1,1,0,,
01077010100-631-1092,01077010100-631,1012527,01077010100,25,1,1,2,1,,
01077010100-631-1093,01077010100-631,1012527,01077010100,6,2,1,3,2,010201000772,
01077010100-631-1094,01077010100-631,1012527,01077010100,4,2,1,4,2,,
01077010100-631-1095,01077010100-631,1012527,01077010100,3,1,1,5,2,,
01077010100-632-1096,01077010100-632,380460,01077010100,29,2,1,1,0,,
01077010100-632-1097,01077010100-632,380460,01077010100,13,1,1,2,2,010201000772,
01077010100-632-1098,01077010100-632,380460,01077010100,10,1,1,3,2,010201000765,
01077010100-632-1099,01077010100-632,380460,01077010100,9,1,1,4,2,010201000770,
01077010100-632-1100,01077010100-632,380460,01077010100,5,1,1,5,2,010201000767,
01077010100-633-1101,01077010100-633,811090,01077010100,34,1,1,1,0,,
01077010100-633-1102,01077010100-633,811090,01077010100,38,2,1,2,1,,
01077010100-633-1103,01077010100-633,811090,01077010100,6,1,1,3,2,010201001545,
01077010100-633-1104,01077010100-633,811090,01077010100,0,1,1,4,2,,
01077010100-633-1105,01077010100-633,811090,01077010100,14,2,1,5,3,010201000772,
01077010100-634-1106,01077010100-634,380460,01077010100,29,2,1,1,0,,
01077010100-634-1107,01077010100-634,380460,01077010100,13,1,1,2,2,010201000772,
01077010100-634-1108,01077010100-634,380460,01077010100,10,1,1,3,2,010153001664,
01077010100-634-1109,01077010100-634,380460,01077010100,9,1,1,4,2,010153000532,
01077010100-634-1110,01077010100-634,380460,01077010100,5,1,1,5,2,010153000534,
01077010100-635-1111,01077010100-635,380460,01077010100,29,2,1,1,0,,
01077010100-635-1112,01077010100-635,380460,01077010100,13,1,1,2,2,010201000773,
01077010100-635-1113,01077010100-635,380460,01077010100,10,1,1,3,2,010201000773,
01077010100-635-1114,01077010100-635,380460,01077010100,9,1,1,4,2,010201000765,
01077010100-635-1115,01077010100-635,380460,01077010100,5,1,1,5,2,010201000775,
01077010100-636-1116,01077010100-636,433750,01077010100,33,2,2,1,0,,967946195
01077010100-636-1117,01077010100-636,433750,01077010100,15,2,2,2,2,010201000772,
01077010100-636-1118,01077010100-636,433750,01077010100,14,2,2,3,2,010201000765,
01077010100-636-1119,01077010100-636,433750,01077010100,11,1,2,4,2,010153001644,
01077010100-636-1120,01077010100-636,433750,01077010100,10,1,2,5,2,010201000774,
01077010100-637-1121,01077010100-637,752925,01077010100,30,2,2,1,0,,
01077010100-637-1122,01077010100-637,752925,01077010100,11,1,2,2,2,010153000532,
01077010100-637-1123,01077010100-637,752925,01077010100,6,2,2,3,2,010201000772,
01077010100-637-1124,01077010100-637,752925,01077010100,6,1,2,4,2,010201000763,
01077010100-637-1125,01077010100-637,752925,01077010100,4,2,2,5,2,,
01077010100-638-1126,01077010100-638,412403,01077010100,32,2,2,1,0,,
01077010100-638-1127,01077010100-638,412403,01077010100,11,2,2,2,2,010153001664,
01077010100-638-1128,01077010100-638,412403,01077010100,9,2,2,3,2,010153000534,
01077010100-638-1129,01077010100-638,412403,01077010100,6,1,2,4,2,010201000775,
01077010100-638-1130,01077010100-638,412403,01077010100,1,2,2,5,2,,
01077010100-639-1131,01077010100-639,193452,01077010100,25,2,2,1,0,,
01077010100-639-1132,01077010100-639,193452,01077010100,8,2,2,2,2,010201000772,
01077010100-639-1133,01077010100-639,193452,01077010100,6,1,2,3,2,010201000775,
01077010100-639-1134,01077010100-639,193452,01077010100,4,1,2,4,2,,
01077010100-639-1135,01077010100-639,193452,01077010100,2,2,2,5,2,,
01077010100-640-1136,01077010100-640,1335203,01077010100,28,2,2,1,0,,
01077010100-640-1137,01077010100-640,1335203,01077010100,14,1,2,2,2,010153000531,
01077010100-640-1138,01077010100-640,1335203,01077010100,12,1,2,3,2,010201000765,
01077010100-640-1139,01077010100-640,1335203,01077010100,9,2,2,4,2,010201000772,
01077010100-640-1140,01077010100-640,1335203,01077010100,7,2,2,5,2,010201000774,
01077010100-641-1141,01077010100-641,1053110,01077010100,23,2,1,1,0,,
01077010100-641-1142,01077010100-641,1053110,01077010100,1,2,1,2,2,,
01077010100-641-1143,01077010100-641,1053110,01077010100,9,2,1,3,4,010153000534,
01077010100-641-1144,01077010100-641,1053110,01077010100,4,1,1,4,4,,
01077010100-641-1145,01077010100-641,1053110,01077010100,28,1,1,5,10,,
01077010100-642-1146,01077010100-642,635937,01077010100,29,2,1,1,0,,
01077010100-642-1147,01077010100-642,635937,01077010100,39,1,1,2,1,,
01077010100-642-1148,01077010100-642,635937,01077010100,9,2,1,3,2,00000973,
01077010100-642-1149,01077010100-642,635937,01077010100,7,1,1,4,2,010201000772,
01077010100-642-1150,01077010100-642,635937,01077010100,3,1,1,5,2,,
01077010100-643-1151,01077010100-643,1463546,01077010100,21,2,2,1,0,,
01077010100-643-1152,01077010100-643,1463546,01077010100,2,1,2,2,2,,
01077010100-643-1153,01077010100-643,1463546,01077010100,1,1,2,3,2,,
01077010100-643-1154,01077010100-643,1463546,01077010100,0,2,2,4,2,,
01077010100-643-1155,01077010100-643,1463546,01077010100,21,1,2,5,13,,250695160
01077010100-644-1156,01077010100-644,1012467,01077010100,21,2,1,1,0,,
01077010100-644-1157,01077010100-644,1012467,01077010100,28,1,1,2,1,,803501717
01077010100-644-1158,01077010100-644,1012467,01077010100,1,2,1,3,2,,
01077010100-644-1159,01077010100-644,1012467,01077010100,9,2,1,4,4,010201000773,
01077010100-644-1160,01077010100-644,1012467,01077010100,6,1,1,5,4,010201000767,
01077010100-645-1161,01077010100-645,1012467,01077010100,21,2,1,1,0,,
01077010100-645-1162,01077010100-645,1012467,01077010100,28,1,1,2,1,,475156253
01077010100-645-1163,01077010100-645,1012467,01077010100,1,2,1,3,2,,
01077010100-645-1164,01077010100-645,1012467,01077010100,9,2,1,4,4,010201000775,
01077010100-645-1165,01077010100-645,1012467,01077010100,6,1,1,5,4,010153000532,
01077010100-646-1166,01077010100-646,1313507,01077010100,30,1,1,1,0,,702574161
01077010100-646-1167,01077010100-646,1313507,01077010100,24,2,1,2,1,,
01077010100-646-1168,01077010100-646,1313507,01077010100,4,1,1,3,2,,
01077010100-646-1169,01077010100-646,1313507,01077010100,2,2,1,4,2,,
01077010100-646-1170,01077010100-646,1313507,01077010100,0,2,1,5,2,,
01077010100-647-1171,01077010100-647,913518,01077010100,31,1,1,1,0,,300671344
01077010100-647-1172,01077010100-647,913518,01077010100,9,1,1,2,2,010201000775,
01077010100-647-1173,01077010100-647,913518,01077010100,6,1,1,3,2,010201000773,
01077010100-647-1174,01077010100-647,913518,01077010100,4,2,1,4,2,010201001545,
01077010100-647-1175,01077010100-647,913518,01077010100,26,2,1,5,13,,
01077010100-648-1176,01077010100-648,515519,01077010100,26,1,1,1,0,,513757518
01077010100-648-1177,01077010100-648,515519,01077010100,9,2,1,2,2,010201000770,
01077010100-648-1178,01077010100-648,515519,01077010100,6,2,1,3,2,010201000767,
01077010100-648-1179,01077010100-648,515519,01077010100,1,1,1,4,2,,
01077010100-648-1180,01077010100-648,515519,01077010100,24,2,1,5,12,,
01077010100-649-1181,01077010100-649,59273,01077010100,26,2,1,1,0,,
01077010100-649-1182,01077010100-649,59273,01077010100,29,1,1,2,1,,599396439
01077010100-649-1183,01077010100-649,59273,01077010100,6,2,1,3,2,010201000765,
01077010100-649-1184,01077010100-649,59273,01077010100,3,2,1,4,2,,
01077010100-649-1185,01077010100-649,59273,01077010100,53,2,1,5,8,,
01077010100-650-1186,01077010100-650,228338,01077010100,33,2,2,1,0,,803508324
01077010100-650-1187,01077010100-650,228338,01077010100,41,1,2,2,1,,401889373
01077010100-650-1188,01077010100-650,228338,01077010100,11,1,2,3,2,010153001664,
01077010100-650-1189,01077010100-650,228338,01077010100,7,2,2,4,2,010201000772,
01077010100-650-1190,01077010100-650,228338,01077010100,5,2,2,5,2,010201000775,
01077010100-651-1191,01077010100-651,1289312,01077010100,34,2,2,1,0,,
01077010100-651-1192,01077010100-651,1289312,01077010100,16,1,2,2,2,010201000775,
01077010100-651-1193,01077010100-651,1289312,01077010100,13,1,2,3,2,010201000775,
01077010100-651-1194,01077010100-651,1289312,01077010100,11,1,2,4,2,010201000767,
01077010100-651-1195,01077010100-651,1289312,01077010100,57,2,2,5,10,,
01077010100-652-1196,01077010100-652,674051,01077010100,51,1,6,1,0,,997143318
01077010100-652-1197,01077010100-652,674051,01077010100,12,2,6,2,2,010201000775,
01077010100-652-1198,01077010100-652,674051,01077010100,10,2,6,3,2,010201000770,
01077010100-652-1199,01077010100-652,674051,01077010100,9,2,6,4,2,010201000772,
01077010100-652-1200,01077010100-652,674051,01077010100,7,1,6,5,2,010201000767,
01077010100-653-1201,01077010100-653,939213,01077010100,31,1,1,1,0,,420171571
01077010100-653-1202,01077010100-653,939213,01077010100,12,2,1,2,2,010153001644,
01077010100-653-1203,01077010100-653,939213,01077010100,3,1,1,3,2,,
01077010100-653-1204,01077010100-653,939213,01077010100,8,2,1,4,4,010201001545,
01077010100-653-1205,01077010100-653,939213,01077010100,32,2,1,5,13,,
01077010100-654-1206,01077010100-654,1131977,01077010100,33,1,1,1,0,,
01077010100-654-1207,01077010100-654,1131977,01077010100,33,2,1,2,1,,396240194
01077010100-654-1208,01077010100-654,1131977,01077010100,15,1,1,3,4,010153001644,
01077010100-654-1209,01077010100-654,1131977,01077010100,13,1,1,4,4,010201000770,
01077010100-654-1210,01077010100-654,1131977,01077010100,10,1,1,5,4,010153000535,
01077010100-655-1211,01077010100-655,347982,01077010100,30,2,1,1,0,,
01077010100-655-1212,01077010100-655,347982,01077010100,31,1,1,2,1,,927922682
01077010100-655-1213,01077010100-655,347982,01077010100,13,1,1,3,2,010201000767,
01077010100-655-1214,01077010100-655,347982,01077010100,9,1,1,4,2,010201001545,
01077010100-655-1215,01077010100-655,347982,01077010100,1,1,1,5,2,,
01077010100-656-1216,01077010100-656,1117112,01077010100,20,1,1,1,0,,574676656
01077010100-656-1217,01077010100-656,1117112,01077010100,20,2,1,2,1,,545021834
01077010100-656-1218,01077010100-656,1117112,01077010100,0,1,1,3,3,,
01077010100-656-1219,01077010100-656,1117112,01077010100,60,1,1,4,6,,133748327
01077010100-656-1220,01077010100-656,1117112,01077010100,57,2,1,5,6,,378027585
01077010100-657-1221,01077010100-657,1074696,01077010100,26,1,1,1,0,,133769869
01077010100-657-1222,01077010100-657,1074696,01077010100,27,2,1,2,1,,545020372
01077010100-657-1223,01077010100-657,1074696,01077010100,2,1,1,3,2,,
01077010100-657-1224,01077010100-657,1074696,01077010100,0,2,1,4,2,,
01077010100-657-1225,01077010100-657,1074696,01077010100,4,2,1,5,4,,
01077010100-658-1226,01077010100-658,1231698,01077010100,30,1,1,1,0,,704908474
01077010100-658-1227,01077010100-658,1231698,01077010100,27,2,1,2,1,,
01077010100-658-1228,01077010100-658,1231698,01077010100,7,1,1,3,2,00000973,
01077010100-658-1229,01077010100-658,1231698,01077010100,5,1,1,4,2,A0100374,
01077010100-658-1230,01077010100-658,1231698,01077010100,2,2,1,5,2,,
01077010100-659-1231,01077010100-659,548891,01077010100,31,2,1,1,0,,987561156
01077010100-659-1232,01077010100-659,548891,01077010100,9,2,1,2,2,,
01077010100-659-1233,01077010100-659,548891,01077010100,3,1,1,3,3,,
01077010100-659-1234,01077010100-659,548891,01077010100,29,1,1,4,12,,711965574
01077010100-659-1235,01077010100-659,548891,01077010100,28,1,1,5,13,,803502392
01077010100-660-1236,01077010100-660,649044,01077010100,31,2,1,1,0,,
01077010100-660-1237,01077010100-660,649044,01077010100,31,1,1,2,1,,675099683
01077010100-660-1238,01077010100-660,649044,01077010100,15,2,1,3,2,00000973,
01077010100-660-1239,01077010100-660,649044,01077010100,13,1,1,4,2,00000973,
01077010100-660-1240,01077010100-660,649044,01077010100,11,2,1,5,2,00000102,
01077010100-661-1241,01077010100-661,199603,01077010100,29,2,1,1,0,,
01077010100-661-1242,01077010100-661,199603,01077010100,28,1,1,2,1,,997143318
01077010100-661-1243,01077010100-661,199603,01077010100,8,2,1,3,2,010201000765,
01077010100-661-1244,01077010100-661,199603,01077010100,6,2,1,4,2,010201000767,
01077010100-661-1245,01077010100-661,199603,01077010100,0,2,1,5,2,,
01077010100-662-1246,01077010100-662,1401764,01077010100,39,1,1,1,0,,133762716
01077010100-662-1247,01077010100-662,1401764,01077010100,36,2,1,2,1,,513756544
01077010100-662-1248,01077010100-662,1401764,01077010100,12,1,1,3,2,00000973,
01077010100-662-1249,01077010100-662,1401764,01077010100,4,2,1,4,2,00000102,
01077010100-662-1250,01077010100-662,1401764,01077010100,17,1,1,5,10,010201000770,
01077010100-663-1251,01077010100-663,1060265,01077010100,39,1,1,1,0,,456276898
01077010100-663-1252,01077010100-663,1060265,01077010100,34,2,1,2,1,,
01077010100-663-1253,01077010100-663,1060265,01077010100,7,1,1,3,2,010201000775,
01077010100-663-1254,01077010100-663,1060265,01077010100,5,1,1,4,2,010201000772,
01077010100-663-1255,01077010100-663,1060265,01077010100,2,1,1,5,2,,
01077010100-664-1256,01077010100-664,233547,01077010100,54,2,1,1,0,,644088346
01077010100-664-1257,01077010100-664,233547,01077010100,49,1,2,2,1,,420244808
01077010100-664-1258,01077010100-664,233547,01077010100,80,1,1,3,6,,
01077010100-664-1259,01077010100-664,233547,01077010100,74,2,1,4,6,,
01077010100-664-1260,01077010100-664,233547,01077010100,4,2,1,5,7,,
01077010100-665-1261,01077010100-665,1130469,01077010100,52,1,1,1,0,,987561719
01077010100-665-1262,01077010100-665,1130469,01077010100,53,2,1,2,1,,704384429
01077010100-665-1263,01077010100-665,1130469,01077010100,17,1,1,3,2,A0100374,
01077010100-666-1264,01077010100-666,233547,01077010100,54,2,1,1,0,,699520672
01077010100-666-1265,01077010100-666,233547,01077010100,49,1,2,2,1,,226523421
01077010100-666-1266,01077010100-666,233547,01077010100,80,1,1,3,6,,
01077010100-666-1267,01077010100-666,233547,01077010100,74,2,1,4,6,,
01077010100-666-1268,01077010100-666,233547,01077010100,4,2,1,5,7,,
01077010100-667-1269,01077010100-667,679263,01077010100,35,2,2,1,0,,
01077010100-667-1270,01077010100-667,679263,01077010100,19,2,2,2,2,,574676656
01077010100-667-1271,01077010100-667,679263,01077010100,14,1,2,3,2,010153000536,
01077010100-667-1272,01077010100-667,679263,01077010100,0,1,2,4,7,,
01077010100-667-1273,01077010100-667,679263,01077010100,40,1,2,5,13,,967947953
01077010100-668-1274,01077010100-668,630557,01077010100,34,2,1,1,0,,396240194
01077010100-668-1275,01077010100-668,630557,01077010100,34,1,1,2,1,,219823663
01077010100-668-1276,01077010100-668,630557,01077010100,11,2,1,3,2,010201000767,
01077010100-668-1277,01077010100-668,630557,01077010100,8,2,1,4,2,010201000767,
01077010100-668-1278,01077010100-668,630557,01077010100,2,2,1,5,2,,
01077010100-669-1279,01077010100-669,953836,01077010100,34,2,1,1,0,,
01077010100-669-1280,01077010100-669,953836,01077010100,35,1,1,2,1,,250695160
01077010100-669-1281,01077010100-669,953836,01077010100,10,2,1,3,2,010201000767,
01077010100-669-1282,01077010100-669,953836,01077010100,6,2,1,4,2,010201000763,
01077010100-669-1283,01077010100-669,953836,01077010100,1,2,1,5,2,,
01077010100-670-1284,01077010100-670,850518,01077010100,46,2,1,1,0,,712055128
01077010100-670-1285,01077010100-670,850518,01077010100,48,1,1,2,1,,250696242
01077010100-670-1286,01077010100-670,850518,01077010100,13,1,1,3,2,010201000765,
01077010100-670-1287,01077010100-670,850518,01077010100,19,2,1,4,10,,
01077010100-670-1288,01077010100-670,850518,01077010100,15,1,1,5,10,010201000765,
01077010100-671-1289,01077010100-671,357255,01077010100,51,1,1,1,0,,608364303
01077010100-671-1290,01077010100-671,357255,01077010100,47,2,1,2,1,,
01077010100-671-1291,01077010100-671,357255,01077010100,10,2,1,3,2,02000723,
01077010100-671-1292,01077010100-671,357255,01077010100,5,2,1,4,14,A0100374,
01077010100-671-1293,01077010100-671,357255,01077010100,3,2,1,5,14,,
